param K: 1 2 3 4 5 6 7 8 9 10 11 12 13 14 15 16 17 18 19 :=
1	171.0	46.0	9.0	2.0	5.0	314.0	7.0	28.0	1.0	16.0	64.0	23.0	30.0	268.0	6.0	36.0	30.0	8.0	126.0
2	203.0	308.0	52.0	5.0	7.0	2291.0	11.0	107.0	1.0	147.0	233.0	294.0	149.0	701.0	13.0	297.0	106.0	108.0	285.0
3	11.0	19.0	31.0	1.0	1.0	92.0	4.0	12.0	1.0	2.0	6.0	1.0	1.0	198.0	1.0	3.0	1.0	3.0	23.0
4	210.0	394.0	124.0	5.0	6.0	745.0	16.0	121.0	1.0	161.0	227.0	306.0	205.0	652.0	33.0	409.0	142.0	73.0	387.0
5	57.0	91.0	7.0	1.0	2.0	386.0	1.0	40.0	1.0	14.0	68.0	25.0	16.0	219.0	1.0	57.0	22.0	8.0	48.0
6	268.0	249.0	9.0	26.0	7.0	2232.0	57.0	81.0	1.0	127.0	438.0	222.0	107.0	573.0	20.0	235.0	83.0	69.0	164.0
7	4.0	4.0	1.0	1.0	1.0	32.0	1.0	3.0	1.0	2.0	2.0	2.0	1.0	17.0	1.0	2.0	2.0	1.0	4.0
8	110.0	57.0	3.0	4.0	2.0	682.0	17.0	16.0	1.0	35.0	115.0	78.0	31.0	102.0	4.0	71.0	17.0	21.0	26.0
9	9.0	29.0	1.0	1.0	1.0	147.0	2.0	21.0	1.0	12.0	9.0	18.0	7.0	116.0	13.0	18.0	12.0	8.0	8.0
10	526.0	181.0	33.0	11.0	15.0	1317.0	19.0	82.0	1.0	139.0	154.0	229.0	59.0	720.0	7.0	200.0	101.0	43.0	216.0
11	1.0	1.0	1.0	1.0	1.0	1.0	1.0	1.0	1.0	1.0	1.0	1.0	1.0	1.0	1.0	1.0	1.0	1.0	1.0
12	4.0	9.0	1.0	1.0	1.0	74.0	1.0	8.0	1.0	10.0	6.0	7.0	5.0	9.0	1.0	9.0	13.0	2.0	13.0
13	1.0	5.0	1.0	1.0	1.0	46.0	1.0	4.0	1.0	3.0	2.0	3.0	2.0	22.0	5.0	4.0	1.0	1.0	1.0
14	157.0	40.0	4.0	3.0	5.0	259.0	5.0	14.0	1.0	36.0	32.0	66.0	12.0	159.0	1.0	38.0	18.0	9.0	89.0
15	11.0	21.0	3.0	1.0	1.0	84.0	2.0	24.0	1.0	7.0	35.0	10.0	3.0	81.0	3.0	15.0	14.0	3.0	12.0
16	174.0	161.0	5.0	8.0	6.0	1718.0	23.0	55.0	1.0	71.0	203.0	176.0	48.0	1093.0	3.0	158.0	76.0	63.0	115.0
17	5.0	6.0	1.0	1.0	1.0	21.0	1.0	8.0	1.0	2.0	8.0	3.0	1.0	13.0	1.0	5.0	1.0	1.0	2.0
18	136.0	51.0	3.0	2.0	3.0	405.0	6.0	16.0	1.0	20.0	44.0	40.0	15.0	299.0	1.0	50.0	29.0	16.0	35.0
19	16.0	12.0	1.0	1.0	1.0	138.0	1.0	7.0	1.0	5.0	6.0	9.0	4.0	124.0	1.0	14.0	5.0	4.0	12.0
20	139.0	124.0	5.0	16.0	2.0	1923.0	61.0	43.0	1.0	67.0	311.0	175.0	63.0	226.0	15.0	158.0	53.0	46.0	109.0
21	1.0	3.0	1.0	1.0	1.0	24.0	1.0	2.0	1.0	1.0	1.0	3.0	1.0	48.0	1.0	4.0	1.0	1.0	2.0
22	3.0	18.0	1.0	3.0	1.0	138.0	6.0	4.0	1.0	7.0	32.0	15.0	5.0	99.0	5.0	23.0	3.0	2.0	6.0
23	23.0	128.0	6.0	1.0	2.0	390.0	1.0	39.0	1.0	36.0	60.0	35.0	24.0	279.0	1.0	99.0	30.0	12.0	37.0
24	3.0	11.0	1.0	1.0	1.0	50.0	1.0	11.0	1.0	3.0	40.0	3.0	1.0	288.0	1.0	4.0	5.0	3.0	43.0
25	495.0	215.0	6.0	18.0	15.0	1969.0	38.0	100.0	1.0	168.0	223.0	296.0	75.0	1097.0	10.0	214.0	126.0	63.0	353.0
26	60.0	67.0	2.0	4.0	4.0	308.0	8.0	50.0	1.0	73.0	61.0	89.0	22.0	148.0	9.0	58.0	18.0	15.0	279.0
27	601.0	280.0	32.0	18.0	17.0	1570.0	29.0	169.0	1.0	290.0	307.0	438.0	93.0	800.0	7.0	304.0	99.0	65.0	1082.0
28	3.0	18.0	1.0	1.0	1.0	116.0	1.0	21.0	1.0	12.0	13.0	9.0	5.0	67.0	7.0	14.0	7.0	4.0	7.0
29	451.0	194.0	16.0	12.0	11.0	1132.0	17.0	90.0	1.0	177.0	200.0	286.0	57.0	699.0	5.0	205.0	56.0	44.0	593.0
30	8.0	24.0	10.0	1.0	1.0	717.0	2.0	23.0	1.0	8.0	32.0	11.0	8.0	156.0	13.0	23.0	8.0	5.0	41.0
31	65.0	164.0	44.0	3.0	3.0	446.0	8.0	82.0	1.0	54.0	100.0	86.0	59.0	233.0	22.0	123.0	54.0	42.0	116.0
32	1.0	7.0	5.0	1.0	1.0	740.0	1.0	14.0	1.0	2.0	35.0	2.0	2.0	132.0	18.0	3.0	3.0	1.0	33.0
33	63.0	149.0	35.0	2.0	2.0	326.0	7.0	53.0	1.0	49.0	96.0	92.0	63.0	159.0	18.0	126.0	43.0	39.0	51.0
34	1.0	39.0	1.0	1.0	1.0	156.0	1.0	17.0	1.0	6.0	76.0	20.0	9.0	129.0	1.0	29.0	23.0	7.0	86.0
35	27.0	183.0	11.0	8.0	3.0	779.0	16.0	63.0	1.0	75.0	138.0	84.0	58.0	147.0	26.0	154.0	47.0	21.0	42.0
36	69.0	101.0	1.0	1.0	3.0	716.0	1.0	25.0	1.0	31.0	96.0	59.0	39.0	256.0	2.0	75.0	24.0	20.0	47.0
37	84.0	34.0	10.0	2.0	2.0	179.0	5.0	15.0	1.0	19.0	71.0	21.0	36.0	89.0	1.0	41.0	28.0	7.0	58.0
38	42.0	220.0	228.0	59.0	12.0	1944.0	101.0	125.0	1.0	134.0	911.0	141.0	75.0	817.0	226.0	378.0	97.0	21.0	233.0
39	9.0	34.0	1.0	4.0	1.0	140.0	2.0	9.0	1.0	16.0	58.0	8.0	6.0	241.0	6.0	29.0	13.0	3.0	17.0
40	2.0	4.0	1.0	1.0	1.0	17.0	1.0	1.0	1.0	3.0	10.0	2.0	1.0	8.0	2.0	6.0	2.0	1.0	2.0
41	1.0	1.0	1.0	1.0	1.0	3.0	1.0	1.0	1.0	1.0	1.0	1.0	1.0	2.0	1.0	1.0	1.0	1.0	1.0
42	51.0	140.0	72.0	1.0	3.0	295.0	8.0	45.0	1.0	62.0	122.0	119.0	80.0	337.0	10.0	147.0	48.0	31.0	255.0
43	2.0	2.0	6.0	1.0	1.0	36.0	1.0	3.0	1.0	1.0	2.0	1.0	1.0	26.0	1.0	1.0	1.0	1.0	2.0
44	7.0	103.0	151.0	16.0	5.0	513.0	21.0	31.0	1.0	92.0	375.0	79.0	37.0	405.0	26.0	200.0	49.0	15.0	72.0
45	1.0	6.0	1.0	1.0	1.0	20.0	1.0	4.0	1.0	3.0	5.0	2.0	1.0	18.0	2.0	6.0	1.0	1.0	1.0
46	1.0	1.0	1.0	1.0	1.0	2.0	1.0	1.0	1.0	1.0	1.0	1.0	1.0	2.0	1.0	1.0	1.0	1.0	1.0
47	241.0	113.0	4.0	12.0	8.0	441.0	19.0	44.0	1.0	165.0	118.0	240.0	45.0	183.0	1.0	102.0	33.0	28.0	871.0
48	1.0	2.0	1.0	1.0	1.0	11.0	1.0	1.0	1.0	2.0	2.0	3.0	1.0	6.0	1.0	2.0	1.0	1.0	8.0
49	2.0	8.0	1.0	1.0	1.0	88.0	1.0	6.0	1.0	2.0	10.0	4.0	2.0	172.0	1.0	7.0	3.0	12.0	62.0
50	79.0	70.0	8.0	1.0	2.0	617.0	4.0	46.0	1.0	29.0	64.0	70.0	27.0	341.0	9.0	74.0	41.0	18.0	39.0
51	1.0	11.0	4.0	1.0	1.0	17.0	1.0	16.0	1.0	2.0	2.0	2.0	1.0	14.0	1.0	6.0	2.0	1.0	2.0
52	50.0	188.0	17.0	2.0	3.0	1165.0	3.0	97.0	1.0	93.0	152.0	158.0	32.0	267.0	3.0	212.0	51.0	41.0	54.0
53	4.0	19.0	3.0	1.0	1.0	80.0	1.0	19.0	1.0	12.0	7.0	9.0	6.0	57.0	10.0	32.0	18.0	2.0	10.0
54	80.0	374.0	82.0	4.0	16.0	2524.0	17.0	291.0	1.0	258.0	163.0	157.0	124.0	545.0	28.0	445.0	296.0	54.0	137.0
55	14.0	13.0	1.0	1.0	1.0	55.0	1.0	13.0	1.0	7.0	6.0	5.0	3.0	35.0	1.0	8.0	5.0	3.0	13.0
56	234.0	151.0	9.0	8.0	9.0	1100.0	8.0	70.0	1.0	51.0	115.0	89.0	51.0	509.0	2.0	170.0	59.0	55.0	112.0
57	47.0	48.0	1.0	1.0	3.0	154.0	1.0	7.0	1.0	13.0	21.0	12.0	9.0	152.0	1.0	35.0	74.0	13.0	16.0
58	17.0	87.0	5.0	1.0	1.0	296.0	2.0	23.0	1.0	19.0	75.0	28.0	18.0	212.0	2.0	65.0	30.0	10.0	26.0
59	1.0	6.0	1.0	1.0	1.0	49.0	1.0	21.0	1.0	1.0	1.0	2.0	1.0	102.0	4.0	4.0	16.0	1.0	16.0
60	67.0	156.0	28.0	5.0	2.0	466.0	13.0	62.0	1.0	59.0	113.0	112.0	81.0	159.0	24.0	154.0	54.0	31.0	57.0
61	2.0	2.0	1.0	1.0	1.0	28.0	1.0	6.0	1.0	1.0	2.0	1.0	1.0	23.0	1.0	2.0	2.0	1.0	4.0
62	40.0	42.0	2.0	5.0	1.0	567.0	6.0	34.0	1.0	21.0	71.0	69.0	26.0	417.0	3.0	58.0	16.0	13.0	54.0
63	43.0	41.0	1.0	1.0	4.0	462.0	5.0	25.0	1.0	20.0	69.0	17.0	12.0	150.0	1.0	38.0	30.0	4.0	84.0
64	4.0	9.0	2.0	1.0	1.0	82.0	1.0	14.0	1.0	4.0	12.0	10.0	2.0	39.0	1.0	12.0	3.0	2.0	7.0
65	6.0	12.0	1.0	3.0	1.0	126.0	3.0	9.0	1.0	4.0	26.0	8.0	5.0	75.0	3.0	16.0	4.0	3.0	21.0
66	2.0	4.0	1.0	1.0	1.0	31.0	1.0	6.0	1.0	1.0	4.0	3.0	1.0	13.0	1.0	4.0	1.0	1.0	5.0
67	1.0	2.0	2.0	1.0	1.0	35.0	1.0	4.0	1.0	1.0	5.0	1.0	2.0	40.0	1.0	7.0	1.0	1.0	10.0
68	1.0	25.0	77.0	1.0	1.0	178.0	4.0	52.0	1.0	1.0	7.0	9.0	2.0	164.0	1.0	9.0	7.0	7.0	4.0
69	5.0	18.0	110.0	1.0	1.0	315.0	2.0	25.0	1.0	4.0	17.0	9.0	5.0	54.0	1.0	12.0	5.0	5.0	16.0
70	1.0	2.0	1.0	1.0	1.0	14.0	1.0	17.0	1.0	1.0	1.0	1.0	1.0	16.0	1.0	1.0	1.0	1.0	3.0
71	32.0	36.0	7.0	8.0	1.0	454.0	10.0	18.0	1.0	16.0	115.0	30.0	26.0	157.0	4.0	37.0	13.0	10.0	89.0
72	35.0	60.0	11.0	9.0	3.0	713.0	21.0	49.0	1.0	29.0	119.0	65.0	25.0	327.0	5.0	61.0	28.0	15.0	123.0
73	1.0	5.0	1.0	1.0	1.0	34.0	1.0	96.0	1.0	1.0	2.0	1.0	1.0	57.0	1.0	3.0	1.0	1.0	7.0
74	2.0	12.0	4.0	1.0	1.0	470.0	2.0	19.0	1.0	3.0	29.0	7.0	3.0	98.0	1.0	10.0	3.0	2.0	16.0
75	9.0	33.0	9.0	1.0	1.0	100.0	2.0	50.0	1.0	7.0	14.0	17.0	10.0	90.0	1.0	22.0	12.0	11.0	44.0
76	37.0	129.0	12.0	3.0	2.0	364.0	11.0	119.0	1.0	31.0	92.0	67.0	43.0	246.0	10.0	94.0	43.0	39.0	108.0
77	8.0	36.0	9.0	1.0	2.0	642.0	5.0	51.0	1.0	5.0	43.0	14.0	6.0	299.0	1.0	16.0	9.0	9.0	57.0
78	36.0	113.0	14.0	3.0	2.0	317.0	8.0	129.0	1.0	32.0	70.0	62.0	36.0	202.0	10.0	92.0	41.0	34.0	58.0
79	7.0	19.0	2.0	1.0	1.0	866.0	3.0	29.0	1.0	5.0	48.0	8.0	4.0	318.0	1.0	10.0	3.0	6.0	13.0
80	6.0	164.0	147.0	4.0	2.0	214.0	32.0	61.0	1.0	18.0	146.0	63.0	31.0	1595.0	2.0	64.0	15.0	57.0	1062.0
81	5.0	38.0	23.0	1.0	1.0	100.0	5.0	135.0	1.0	2.0	13.0	13.0	3.0	245.0	3.0	16.0	26.0	9.0	89.0
82	7.0	14.0	5.0	5.0	1.0	214.0	4.0	21.0	1.0	7.0	30.0	17.0	11.0	187.0	3.0	18.0	10.0	3.0	49.0
83	1.0	4.0	2.0	1.0	1.0	89.0	1.0	20.0	1.0	1.0	9.0	2.0	4.0	48.0	1.0	10.0	2.0	1.0	15.0
84	1.0	3.0	1.0	1.0	1.0	26.0	1.0	3.0	1.0	3.0	5.0	3.0	1.0	24.0	1.0	8.0	2.0	1.0	2.0
85	1.0	4.0	1.0	1.0	1.0	36.0	1.0	4.0	1.0	2.0	6.0	2.0	1.0	31.0	1.0	10.0	2.0	1.0	2.0
86	1.0	4.0	1.0	1.0	1.0	10.0	1.0	58.0	1.0	1.0	2.0	1.0	1.0	69.0	1.0	2.0	1.0	2.0	6.0
87	43.0	61.0	4.0	11.0	1.0	835.0	30.0	33.0	1.0	27.0	162.0	79.0	26.0	189.0	6.0	70.0	29.0	18.0	82.0
88	12.0	44.0	4.0	1.0	1.0	117.0	8.0	54.0	1.0	1.0	8.0	17.0	5.0	333.0	3.0	15.0	6.0	12.0	60.0
89	42.0	109.0	25.0	1.0	1.0	307.0	8.0	85.0	1.0	20.0	61.0	48.0	28.0	281.0	4.0	68.0	32.0	29.0	121.0
90	1.0	4.0	1.0	1.0	1.0	15.0	1.0	25.0	1.0	1.0	1.0	1.0	1.0	13.0	1.0	1.0	1.0	1.0	1.0
91	12.0	26.0	5.0	6.0	1.0	255.0	8.0	15.0	1.0	10.0	67.0	20.0	7.0	180.0	3.0	23.0	7.0	7.0	76.0
92	1.0	2.0	1.0	1.0	1.0	23.0	1.0	22.0	1.0	1.0	3.0	1.0	1.0	29.0	1.0	1.0	2.0	1.0	2.0
93	18.0	34.0	10.0	4.0	1.0	258.0	9.0	21.0	1.0	15.0	70.0	35.0	18.0	88.0	2.0	35.0	15.0	6.0	28.0
94	18.0	17.0	1.0	6.0	1.0	255.0	5.0	15.0	1.0	7.0	40.0	16.0	18.0	95.0	2.0	23.0	6.0	4.0	15.0
95	3.0	7.0	4.0	1.0	1.0	115.0	1.0	31.0	1.0	3.0	11.0	4.0	7.0	67.0	1.0	20.0	2.0	2.0	13.0
96	20.0	104.0	36.0	1.0	2.0	176.0	5.0	46.0	1.0	18.0	43.0	41.0	23.0	222.0	13.0	64.0	25.0	33.0	99.0
97	1.0	30.0	133.0	1.0	1.0	293.0	4.0	28.0	1.0	5.0	34.0	4.0	11.0	618.0	10.0	7.0	8.0	6.0	191.0
98	1.0	2.0	1.0	1.0	1.0	5.0	1.0	1.0	1.0	1.0	1.0	1.0	1.0	3.0	1.0	2.0	1.0	1.0	1.0
99	1.0	14.0	1.0	1.0	1.0	22.0	1.0	107.0	1.0	1.0	4.0	3.0	1.0	63.0	1.0	4.0	8.0	1.0	5.0
100	4.0	24.0	1.0	7.0	3.0	409.0	6.0	25.0	1.0	13.0	54.0	12.0	6.0	443.0	3.0	18.0	13.0	6.0	135.0
101	1.0	1.0	1.0	1.0	1.0	1.0	1.0	1.0	1.0	1.0	1.0	1.0	1.0	1.0	1.0	1.0	1.0	1.0	1.0
102	1.0	1.0	7.0	1.0	1.0	4.0	1.0	1.0	1.0	1.0	1.0	1.0	1.0	7.0	1.0	1.0	1.0	1.0	1.0
103	1.0	1.0	1.0	1.0	1.0	1.0	1.0	1.0	1.0	1.0	1.0	1.0	1.0	1.0	1.0	1.0	1.0	1.0	1.0
104	2.0	3.0	8.0	1.0	1.0	15.0	1.0	1.0	1.0	2.0	3.0	2.0	1.0	2.0	1.0	3.0	1.0	1.0	3.0
105	3.0	5.0	3.0	1.0	1.0	55.0	1.0	6.0	1.0	2.0	4.0	2.0	1.0	33.0	18.0	5.0	6.0	1.0	13.0
106	64.0	82.0	8.0	2.0	2.0	497.0	4.0	47.0	1.0	35.0	80.0	99.0	33.0	236.0	3.0	74.0	31.0	27.0	84.0
107	34.0	60.0	17.0	5.0	4.0	324.0	1.0	50.0	1.0	42.0	95.0	50.0	84.0	153.0	5.0	97.0	27.0	13.0	59.0
108	549.0	693.0	122.0	10.0	22.0	2453.0	25.0	271.0	1.0	295.0	607.0	622.0	343.0	1494.0	37.0	627.0	297.0	180.0	583.0
109	1.0	3.0	1.0	1.0	1.0	70.0	1.0	23.0	1.0	1.0	1.0	1.0	1.0	63.0	6.0	1.0	5.0	1.0	2.0
110	74.0	194.0	58.0	6.0	4.0	558.0	13.0	70.0	1.0	72.0	149.0	134.0	83.0	258.0	22.0	198.0	82.0	42.0	74.0
111	106.0	7.0	2.0	1.0	4.0	30.0	1.0	9.0	1.0	2.0	5.0	3.0	2.0	18.0	1.0	5.0	1.0	3.0	5.0
112	76.0	69.0	8.0	10.0	1.0	692.0	13.0	40.0	1.0	49.0	178.0	93.0	61.0	147.0	4.0	90.0	24.0	26.0	271.0
113	1.0	1.0	1.0	1.0	1.0	1.0	1.0	1.0	1.0	1.0	1.0	1.0	1.0	1.0	1.0	1.0	1.0	1.0	1.0
114	2.0	1.0	3.0	1.0	1.0	12.0	1.0	1.0	1.0	2.0	3.0	3.0	1.0	1.0	1.0	2.0	1.0	1.0	8.0
115	59.0	38.0	2.0	11.0	3.0	252.0	1.0	8.0	1.0	18.0	44.0	24.0	25.0	147.0	1.0	36.0	10.0	8.0	114.0
116	2.0	55.0	1.0	3.0	1.0	352.0	1.0	11.0	1.0	7.0	14.0	9.0	4.0	233.0	3.0	9.0	4.0	9.0	52.0
117	26.0	15.0	1.0	5.0	1.0	60.0	1.0	1.0	1.0	4.0	16.0	6.0	4.0	23.0	1.0	13.0	2.0	3.0	15.0
118	1.0	13.0	1.0	23.0	1.0	1348.0	2.0	9.0	1.0	1.0	2.0	4.0	1.0	339.0	4.0	2.0	1.0	1.0	68.0
119	69.0	139.0	2.0	29.0	4.0	1687.0	2.0	58.0	1.0	36.0	87.0	67.0	37.0	883.0	2.0	91.0	13.0	21.0	501.0
120	20.0	77.0	1.0	11.0	2.0	655.0	1.0	13.0	1.0	40.0	84.0	23.0	9.0	378.0	3.0	72.0	8.0	11.0	11.0
121	1.0	5.0	1.0	2.0	2.0	270.0	1.0	5.0	1.0	1.0	1.0	1.0	1.0	73.0	1.0	1.0	1.0	1.0	1.0
122	98.0	77.0	4.0	22.0	2.0	265.0	1.0	5.0	1.0	30.0	73.0	27.0	10.0	78.0	3.0	74.0	8.0	14.0	15.0
123	1.0	8.0	1.0	3.0	1.0	397.0	1.0	9.0	1.0	3.0	4.0	4.0	1.0	104.0	1.0	2.0	1.0	1.0	1.0
124	47.0	58.0	8.0	13.0	2.0	780.0	1.0	21.0	1.0	48.0	92.0	22.0	25.0	295.0	2.0	70.0	20.0	14.0	106.0
125	1.0	16.0	1.0	2.0	2.0	412.0	2.0	12.0	1.0	6.0	9.0	7.0	1.0	182.0	2.0	7.0	8.0	2.0	30.0
126	14.0	55.0	2.0	8.0	1.0	340.0	1.0	7.0	1.0	21.0	62.0	17.0	6.0	293.0	1.0	42.0	4.0	6.0	14.0
127	1.0	3.0	1.0	2.0	1.0	177.0	1.0	2.0	1.0	1.0	1.0	1.0	1.0	47.0	1.0	1.0	1.0	1.0	5.0
128	20.0	106.0	3.0	6.0	25.0	275.0	1.0	36.0	1.0	14.0	29.0	26.0	9.0	875.0	3.0	28.0	11.0	22.0	54.0
129	2.0	7.0	2.0	1.0	4.0	37.0	1.0	15.0	1.0	2.0	6.0	2.0	6.0	46.0	1.0	2.0	3.0	1.0	12.0
130	18.0	23.0	1.0	4.0	1.0	43.0	1.0	1.0	1.0	5.0	25.0	18.0	15.0	156.0	1.0	10.0	1.0	2.0	9.0
131	1.0	14.0	1.0	31.0	1.0	904.0	1.0	5.0	1.0	1.0	18.0	5.0	2.0	297.0	1.0	4.0	1.0	4.0	2.0
132	55.0	80.0	3.0	18.0	3.0	644.0	2.0	24.0	1.0	22.0	53.0	37.0	24.0	526.0	2.0	51.0	12.0	11.0	386.0
133	2.0	17.0	1.0	4.0	1.0	200.0	1.0	4.0	1.0	5.0	10.0	5.0	2.0	147.0	1.0	10.0	2.0	2.0	63.0
134	24.0	83.0	2.0	11.0	1.0	615.0	1.0	12.0	1.0	50.0	86.0	27.0	10.0	362.0	2.0	86.0	11.0	13.0	14.0
135	1.0	4.0	1.0	3.0	1.0	273.0	1.0	3.0	1.0	1.0	1.0	1.0	1.0	67.0	1.0	1.0	1.0	1.0	1.0
136	177.0	167.0	9.0	35.0	2.0	1101.0	1.0	27.0	1.0	60.0	185.0	64.0	45.0	433.0	7.0	151.0	11.0	26.0	170.0
137	1.0	21.0	1.0	9.0	1.0	767.0	2.0	14.0	1.0	2.0	6.0	5.0	2.0	268.0	1.0	4.0	1.0	1.0	26.0
138	1.0	3.0	1.0	1.0	1.0	5.0	1.0	2.0	1.0	1.0	1.0	2.0	1.0	22.0	1.0	1.0	1.0	1.0	2.0
139	9.0	13.0	4.0	1.0	1.0	80.0	1.0	5.0	1.0	7.0	37.0	8.0	2.0	83.0	2.0	10.0	3.0	8.0	15.0
140	3.0	100.0	4.0	1.0	69.0	251.0	1.0	59.0	1.0	3.0	50.0	9.0	3.0	624.0	1.0	16.0	23.0	12.0	47.0
141	109.0	280.0	67.0	17.0	29.0	3231.0	4.0	312.0	1.0	86.0	423.0	84.0	66.0	1193.0	29.0	174.0	87.0	28.0	814.0
142	92.0	13.0	1.0	1.0	5.0	83.0	1.0	9.0	1.0	5.0	7.0	9.0	5.0	100.0	1.0	8.0	2.0	6.0	19.0
143	281.0	125.0	8.0	1.0	4.0	661.0	8.0	45.0	1.0	111.0	204.0	95.0	47.0	184.0	5.0	129.0	38.0	25.0	101.0
144	30.0	11.0	1.0	1.0	2.0	53.0	1.0	9.0	1.0	3.0	11.0	5.0	3.0	39.0	1.0	6.0	3.0	3.0	14.0
145	551.0	172.0	5.0	1.0	13.0	1104.0	5.0	54.0	1.0	93.0	217.0	104.0	71.0	246.0	7.0	169.0	57.0	29.0	103.0
146	1.0	1.0	1.0	1.0	1.0	19.0	1.0	1.0	1.0	1.0	1.0	2.0	1.0	15.0	1.0	1.0	1.0	1.0	3.0
147	6.0	7.0	1.0	1.0	1.0	50.0	1.0	2.0	1.0	3.0	8.0	5.0	2.0	19.0	1.0	7.0	2.0	1.0	1.0
148	1.0	3.0	1.0	1.0	1.0	12.0	1.0	16.0	1.0	1.0	16.0	1.0	1.0	35.0	1.0	4.0	1.0	1.0	1.0
149	43.0	35.0	4.0	1.0	1.0	223.0	2.0	21.0	1.0	26.0	43.0	21.0	10.0	78.0	2.0	37.0	15.0	8.0	25.0
150	1.0	3.0	2.0	1.0	1.0	26.0	1.0	17.0	1.0	2.0	37.0	2.0	1.0	44.0	1.0	7.0	1.0	1.0	1.0
151	37.0	44.0	8.0	1.0	1.0	234.0	4.0	25.0	1.0	39.0	45.0	20.0	15.0	66.0	2.0	42.0	16.0	9.0	26.0
152	37.0	4.0	1.0	1.0	2.0	18.0	1.0	5.0	1.0	1.0	1.0	1.0	1.0	61.0	1.0	1.0	1.0	1.0	8.0
153	77.0	78.0	7.0	1.0	2.0	530.0	3.0	20.0	1.0	44.0	61.0	39.0	22.0	180.0	12.0	66.0	27.0	8.0	17.0
154	53.0	162.0	15.0	2.0	2.0	1225.0	5.0	64.0	1.0	71.0	297.0	117.0	28.0	244.0	4.0	174.0	52.0	47.0	59.0
155	1.0	16.0	3.0	1.0	1.0	77.0	1.0	12.0	1.0	6.0	15.0	10.0	3.0	18.0	1.0	15.0	3.0	4.0	6.0
156	10.0	31.0	1.0	1.0	1.0	116.0	1.0	9.0	1.0	8.0	28.0	15.0	4.0	99.0	1.0	31.0	6.0	7.0	8.0
157	1.0	19.0	2.0	1.0	1.0	17.0	1.0	5.0	1.0	3.0	1.0	6.0	2.0	48.0	1.0	16.0	1.0	4.0	1.0
158	8.0	26.0	1.0	1.0	1.0	66.0	1.0	12.0	1.0	8.0	24.0	11.0	10.0	50.0	1.0	21.0	14.0	5.0	20.0
159	81.0	133.0	6.0	2.0	2.0	541.0	4.0	25.0	1.0	66.0	178.0	74.0	35.0	103.0	2.0	101.0	41.0	27.0	35.0
160	274.0	314.0	62.0	19.0	16.0	2103.0	25.0	168.0	1.0	292.0	311.0	262.0	125.0	950.0	96.0	365.0	161.0	88.0	298.0
161	9.0	14.0	1.0	1.0	3.0	52.0	1.0	3.0	1.0	1.0	7.0	2.0	3.0	42.0	1.0	1.0	5.0	2.0	3.0
162	121.0	195.0	42.0	13.0	7.0	1113.0	17.0	71.0	1.0	190.0	193.0	160.0	77.0	505.0	35.0	225.0	75.0	47.0	112.0
163	1.0	2.0	1.0	1.0	1.0	8.0	1.0	1.0	1.0	1.0	1.0	1.0	1.0	12.0	1.0	1.0	1.0	1.0	1.0
164	137.0	130.0	92.0	13.0	6.0	1159.0	13.0	96.0	1.0	139.0	137.0	113.0	62.0	333.0	27.0	162.0	80.0	39.0	243.0
165	1.0	2.0	1.0	1.0	1.0	4.0	1.0	1.0	1.0	1.0	1.0	1.0	1.0	3.0	1.0	1.0	1.0	1.0	1.0
166	8.0	22.0	1.0	1.0	1.0	93.0	1.0	9.0	1.0	5.0	13.0	10.0	3.0	50.0	3.0	10.0	3.0	4.0	5.0
167	4.0	24.0	1.0	3.0	1.0	69.0	4.0	5.0	1.0	1.0	15.0	13.0	5.0	105.0	1.0	8.0	4.0	10.0	53.0
168	5.0	15.0	1.0	1.0	1.0	47.0	1.0	2.0	1.0	2.0	11.0	15.0	5.0	79.0	1.0	12.0	2.0	3.0	2.0
169	3.0	8.0	1.0	1.0	1.0	38.0	1.0	2.0	1.0	2.0	10.0	13.0	1.0	40.0	1.0	6.0	2.0	2.0	14.0
170	1.0	10.0	1.0	3.0	1.0	40.0	3.0	1.0	1.0	1.0	9.0	18.0	4.0	121.0	1.0	1.0	1.0	2.0	21.0
171	26.0	24.0	5.0	1.0	1.0	157.0	1.0	8.0	1.0	7.0	15.0	17.0	10.0	81.0	4.0	22.0	8.0	3.0	11.0
172	1.0	5.0	1.0	1.0	1.0	39.0	1.0	1.0	1.0	1.0	2.0	13.0	1.0	47.0	1.0	4.0	1.0	1.0	1.0
173	6.0	10.0	1.0	1.0	1.0	44.0	1.0	5.0	1.0	7.0	6.0	16.0	1.0	53.0	1.0	13.0	8.0	2.0	8.0
174	5.0	11.0	1.0	1.0	1.0	73.0	1.0	3.0	1.0	2.0	15.0	9.0	4.0	43.0	1.0	8.0	2.0	2.0	10.0
175	7.0	16.0	1.0	1.0	1.0	84.0	1.0	7.0	1.0	8.0	10.0	22.0	2.0	101.0	1.0	20.0	7.0	4.0	20.0
176	2.0	2.0	1.0	1.0	1.0	21.0	1.0	2.0	1.0	3.0	2.0	2.0	1.0	5.0	1.0	4.0	2.0	1.0	5.0
177	1.0	1.0	1.0	1.0	1.0	8.0	1.0	1.0	1.0	1.0	1.0	1.0	1.0	2.0	1.0	1.0	1.0	1.0	2.0
178	30.0	26.0	2.0	1.0	1.0	310.0	3.0	7.0	1.0	12.0	18.0	12.0	7.0	165.0	2.0	24.0	17.0	4.0	14.0
179	1.0	2.0	1.0	1.0	1.0	17.0	1.0	1.0	1.0	1.0	1.0	1.0	1.0	11.0	1.0	2.0	1.0	2.0	8.0
180	81.0	8.0	1.0	1.0	2.0	60.0	1.0	8.0	1.0	6.0	7.0	6.0	3.0	56.0	1.0	12.0	6.0	2.0	6.0
181	89.0	21.0	1.0	1.0	1.0	217.0	3.0	9.0	1.0	28.0	14.0	21.0	6.0	161.0	5.0	24.0	9.0	6.0	14.0
182	20.0	23.0	2.0	1.0	1.0	137.0	1.0	6.0	1.0	9.0	40.0	12.0	9.0	36.0	4.0	22.0	6.0	2.0	7.0
183	1.0	1.0	1.0	1.0	1.0	28.0	1.0	1.0	1.0	1.0	1.0	1.0	1.0	28.0	1.0	1.0	2.0	4.0	6.0
184	6.0	11.0	1.0	1.0	1.0	42.0	1.0	5.0	1.0	6.0	6.0	20.0	1.0	48.0	1.0	14.0	8.0	3.0	8.0
185	6.0	14.0	1.0	1.0	1.0	88.0	1.0	3.0	1.0	3.0	8.0	20.0	5.0	72.0	1.0	11.0	4.0	3.0	6.0
186	12.0	18.0	1.0	1.0	1.0	166.0	1.0	14.0	1.0	9.0	12.0	14.0	4.0	102.0	1.0	29.0	18.0	5.0	21.0
187	1.0	2.0	1.0	1.0	1.0	21.0	1.0	3.0	1.0	1.0	1.0	1.0	1.0	26.0	1.0	1.0	1.0	1.0	4.0
188	16.0	43.0	1.0	1.0	1.0	545.0	2.0	22.0	1.0	36.0	46.0	43.0	24.0	303.0	1.0	48.0	24.0	11.0	36.0
189	4.0	13.0	1.0	1.0	1.0	75.0	1.0	2.0	1.0	6.0	8.0	6.0	4.0	59.0	2.0	7.0	3.0	3.0	8.0
190	9.0	21.0	2.0	1.0	1.0	115.0	1.0	8.0	1.0	2.0	21.0	14.0	10.0	82.0	1.0	18.0	13.0	5.0	13.0
191	1.0	5.0	1.0	1.0	1.0	79.0	1.0	6.0	1.0	1.0	3.0	4.0	1.0	35.0	1.0	5.0	1.0	1.0	16.0
192	77.0	44.0	8.0	1.0	3.0	538.0	6.0	25.0	1.0	33.0	48.0	28.0	13.0	132.0	4.0	48.0	35.0	6.0	59.0
193	16.0	8.0	1.0	1.0	1.0	57.0	1.0	5.0	1.0	5.0	4.0	5.0	3.0	57.0	2.0	5.0	1.0	2.0	7.0
194	1.0	1.0	1.0	1.0	1.0	3.0	1.0	1.0	1.0	1.0	1.0	1.0	1.0	1.0	1.0	1.0	1.0	1.0	1.0
195	1.0	1.0	1.0	1.0	1.0	1.0	1.0	1.0	1.0	1.0	1.0	1.0	1.0	1.0	1.0	1.0	1.0	1.0	1.0
196	38.0	64.0	13.0	6.0	10.0	446.0	3.0	54.0	1.0	21.0	49.0	41.0	10.0	480.0	22.0	36.0	15.0	23.0	50.0
197	1.0	15.0	2.0	6.0	2.0	61.0	4.0	11.0	1.0	1.0	12.0	8.0	2.0	59.0	1.0	2.0	6.0	2.0	11.0
198	38.0	49.0	2.0	4.0	1.0	416.0	4.0	37.0	1.0	26.0	51.0	34.0	20.0	171.0	1.0	58.0	38.0	15.0	57.0
199	1.0	2.0	1.0	1.0	1.0	56.0	1.0	3.0	1.0	1.0	1.0	1.0	1.0	26.0	1.0	3.0	2.0	6.0	3.0
200	19.0	25.0	13.0	1.0	13.0	180.0	1.0	69.0	1.0	6.0	14.0	9.0	3.0	117.0	1.0	16.0	14.0	3.0	60.0
201	9.0	38.0	1.0	1.0	59.0	180.0	1.0	42.0	1.0	6.0	57.0	8.0	3.0	215.0	1.0	14.0	14.0	5.0	42.0
202	12.0	8.0	1.0	1.0	1.0	85.0	1.0	25.0	1.0	4.0	9.0	5.0	2.0	23.0	1.0	11.0	5.0	4.0	11.0
203	3.0	4.0	1.0	1.0	1.0	32.0	1.0	17.0	1.0	2.0	9.0	2.0	1.0	11.0	1.0	4.0	5.0	1.0	6.0
204	1.0	6.0	1.0	1.0	1.0	22.0	1.0	19.0	1.0	3.0	5.0	2.0	1.0	15.0	1.0	5.0	4.0	2.0	3.0
205	45.0	16.0	5.0	2.0	1.0	174.0	1.0	14.0	1.0	7.0	17.0	10.0	9.0	82.0	1.0	23.0	10.0	10.0	13.0
206	4.0	16.0	5.0	1.0	1.0	95.0	1.0	37.0	1.0	14.0	41.0	7.0	6.0	104.0	1.0	20.0	6.0	8.0	6.0
207	63.0	65.0	11.0	3.0	2.0	427.0	6.0	45.0	1.0	57.0	52.0	35.0	27.0	134.0	5.0	75.0	30.0	18.0	50.0
208	99.0	102.0	10.0	4.0	5.0	752.0	7.0	41.0	1.0	71.0	70.0	149.0	26.0	521.0	3.0	141.0	37.0	23.0	88.0
209	1.0	15.0	1.0	1.0	1.0	52.0	1.0	10.0	1.0	3.0	10.0	12.0	1.0	70.0	1.0	8.0	4.0	3.0	1.0
210	13.0	15.0	1.0	2.0	1.0	137.0	2.0	18.0	1.0	11.0	18.0	9.0	6.0	18.0	1.0	19.0	12.0	5.0	6.0
211	5.0	5.0	1.0	1.0	1.0	103.0	1.0	7.0	1.0	3.0	5.0	4.0	2.0	47.0	1.0	12.0	2.0	5.0	37.0
212	1.0	6.0	7.0	1.0	1.0	15.0	1.0	38.0	1.0	6.0	11.0	4.0	2.0	83.0	1.0	16.0	2.0	1.0	1.0
213	66.0	67.0	12.0	2.0	2.0	356.0	6.0	41.0	1.0	64.0	44.0	33.0	26.0	112.0	3.0	65.0	31.0	14.0	43.0
214	1.0	13.0	12.0	1.0	1.0	18.0	1.0	65.0	1.0	10.0	16.0	8.0	3.0	173.0	1.0	32.0	1.0	2.0	1.0
215	92.0	96.0	14.0	2.0	2.0	445.0	9.0	55.0	1.0	88.0	85.0	46.0	35.0	142.0	4.0	96.0	30.0	21.0	60.0
216	84.0	104.0	27.0	3.0	3.0	632.0	8.0	55.0	1.0	96.0	158.0	86.0	37.0	283.0	9.0	138.0	59.0	22.0	121.0
217	1.0	5.0	1.0	1.0	1.0	19.0	1.0	17.0	1.0	2.0	7.0	3.0	1.0	28.0	1.0	6.0	6.0	1.0	2.0
218	16.0	13.0	1.0	1.0	1.0	123.0	1.0	13.0	1.0	7.0	12.0	8.0	5.0	23.0	1.0	14.0	4.0	4.0	9.0
219	2.0	4.0	1.0	1.0	1.0	15.0	1.0	8.0	1.0	1.0	4.0	1.0	1.0	8.0	1.0	2.0	3.0	1.0	2.0
220	2.0	11.0	7.0	1.0	1.0	51.0	1.0	47.0	1.0	4.0	15.0	8.0	1.0	78.0	1.0	20.0	5.0	4.0	8.0
221	1.0	11.0	3.0	1.0	1.0	28.0	1.0	53.0	1.0	11.0	13.0	7.0	1.0	242.0	1.0	24.0	6.0	3.0	2.0
222	45.0	27.0	4.0	2.0	1.0	232.0	2.0	46.0	1.0	16.0	23.0	23.0	9.0	73.0	2.0	32.0	13.0	9.0	37.0
223	1.0	9.0	1.0	1.0	1.0	50.0	1.0	22.0	1.0	3.0	7.0	6.0	1.0	31.0	1.0	7.0	29.0	1.0	7.0
224	7.0	16.0	5.0	1.0	1.0	115.0	1.0	48.0	1.0	8.0	24.0	13.0	2.0	148.0	1.0	30.0	15.0	6.0	15.0
225	57.0	84.0	19.0	3.0	2.0	500.0	8.0	40.0	1.0	76.0	144.0	46.0	32.0	165.0	6.0	82.0	35.0	19.0	68.0
226	1.0	1.0	5.0	1.0	1.0	5.0	1.0	6.0	1.0	1.0	1.0	1.0	1.0	3.0	1.0	2.0	1.0	1.0	2.0
227	74.0	92.0	19.0	2.0	2.0	496.0	8.0	34.0	1.0	92.0	90.0	42.0	37.0	127.0	3.0	93.0	34.0	20.0	64.0
228	1.0	2.0	1.0	1.0	1.0	9.0	1.0	9.0	1.0	1.0	4.0	1.0	1.0	16.0	1.0	4.0	3.0	1.0	1.0
229	75.0	112.0	28.0	3.0	2.0	655.0	10.0	61.0	1.0	108.0	114.0	60.0	43.0	209.0	6.0	120.0	46.0	25.0	79.0
230	1.0	3.0	1.0	1.0	1.0	10.0	1.0	12.0	1.0	2.0	3.0	2.0	1.0	3.0	1.0	6.0	2.0	1.0	5.0
231	18.0	18.0	12.0	1.0	1.0	162.0	2.0	18.0	1.0	13.0	25.0	17.0	6.0	33.0	2.0	28.0	10.0	6.0	17.0
232	15.0	29.0	7.0	1.0	1.0	162.0	4.0	16.0	1.0	28.0	26.0	11.0	12.0	33.0	4.0	27.0	14.0	7.0	16.0
233	1.0	5.0	2.0	1.0	1.0	17.0	1.0	19.0	1.0	3.0	1.0	3.0	1.0	59.0	1.0	11.0	5.0	1.0	2.0
234	47.0	46.0	13.0	1.0	1.0	289.0	4.0	33.0	1.0	43.0	38.0	25.0	17.0	94.0	3.0	48.0	21.0	10.0	34.0
235	19.0	26.0	4.0	1.0	7.0	249.0	1.0	47.0	1.0	14.0	39.0	13.0	7.0	118.0	3.0	18.0	11.0	5.0	55.0
236	1.0	1.0	1.0	1.0	3.0	30.0	1.0	6.0	1.0	1.0	1.0	1.0	1.0	1.0	1.0	1.0	3.0	1.0	1.0
237	121.0	152.0	60.0	11.0	7.0	860.0	12.0	77.0	1.0	144.0	155.0	126.0	61.0	329.0	33.0	177.0	71.0	36.0	148.0
238	1.0	1.0	1.0	1.0	1.0	4.0	1.0	3.0	1.0	1.0	1.0	1.0	1.0	1.0	1.0	1.0	1.0	1.0	8.0
239	477.0	95.0	4.0	9.0	7.0	893.0	7.0	66.0	1.0	74.0	116.0	91.0	27.0	1121.0	32.0	79.0	190.0	46.0	117.0
240	111.0	14.0	2.0	2.0	5.0	70.0	3.0	13.0	1.0	3.0	3.0	9.0	4.0	113.0	1.0	4.0	6.0	3.0	15.0
241	31.0	101.0	68.0	7.0	17.0	1210.0	2.0	236.0	1.0	34.0	183.0	30.0	22.0	620.0	13.0	56.0	27.0	14.0	614.0
242	6.0	29.0	1.0	1.0	19.0	119.0	1.0	97.0	1.0	4.0	85.0	7.0	2.0	70.0	1.0	11.0	20.0	4.0	58.0
243	135.0	251.0	98.0	13.0	13.0	1427.0	20.0	133.0	1.0	221.0	361.0	193.0	91.0	486.0	53.0	281.0	125.0	42.0	296.0
244	1.0	20.0	49.0	1.0	16.0	129.0	1.0	47.0	1.0	1.0	6.0	3.0	2.0	132.0	1.0	6.0	10.0	3.0	25.0
245	9.0	13.0	1.0	1.0	1.0	83.0	1.0	6.0	1.0	13.0	14.0	10.0	5.0	27.0	2.0	15.0	5.0	2.0	6.0
246	1.0	1.0	1.0	1.0	1.0	1.0	1.0	1.0	1.0	1.0	1.0	1.0	1.0	1.0	1.0	1.0	1.0	1.0	1.0
247	32.0	42.0	6.0	6.0	6.0	364.0	4.0	45.0	1.0	25.0	36.0	31.0	9.0	370.0	5.0	33.0	24.0	12.0	107.0
248	1.0	162.0	1.0	1.0	44.0	159.0	2.0	34.0	1.0	5.0	2.0	8.0	4.0	1145.0	1.0	23.0	3.0	20.0	11.0
249	4.0	10.0	1.0	1.0	2.0	90.0	1.0	12.0	1.0	3.0	8.0	5.0	2.0	38.0	1.0	5.0	4.0	1.0	22.0
250	1.0	16.0	1.0	1.0	4.0	12.0	1.0	2.0	1.0	1.0	1.0	1.0	1.0	114.0	1.0	2.0	1.0	2.0	1.0
251	12.0	37.0	4.0	3.0	3.0	226.0	1.0	18.0	1.0	8.0	24.0	23.0	6.0	258.0	5.0	22.0	9.0	13.0	20.0
252	1.0	14.0	1.0	3.0	1.0	35.0	3.0	6.0	1.0	1.0	30.0	12.0	5.0	67.0	1.0	1.0	4.0	2.0	15.0
253	85.0	105.0	37.0	9.0	15.0	967.0	6.0	137.0	1.0	69.0	124.0	60.0	30.0	292.0	17.0	92.0	45.0	18.0	198.0
254	1.0	3.0	2.0	1.0	2.0	18.0	1.0	18.0	1.0	1.0	2.0	1.0	1.0	12.0	1.0	1.0	5.0	1.0	5.0
255	405.0	509.0	160.0	27.0	26.0	3388.0	41.0	279.0	1.0	474.0	650.0	418.0	203.0	1175.0	133.0	601.0	286.0	111.0	488.0
256	1.0	15.0	1.0	2.0	3.0	179.0	1.0	29.0	1.0	1.0	17.0	2.0	2.0	71.0	1.0	8.0	4.0	2.0	132.0
257	3.0	3.0	8.0	1.0	1.0	65.0	1.0	3.0	1.0	3.0	4.0	2.0	1.0	19.0	3.0	4.0	2.0	1.0	5.0
258	1.0	1.0	1.0	1.0	1.0	1.0	1.0	1.0	1.0	1.0	1.0	1.0	1.0	1.0	1.0	1.0	1.0	1.0	1.0
259	968.0	1133.0	438.0	74.0	64.0	8389.0	96.0	736.0	1.0	1097.0	1320.0	939.0	470.0	2567.0	256.0	1315.0	564.0	254.0	1597.0
260	4.0	10.0	13.0	1.0	2.0	52.0	2.0	20.0	1.0	1.0	27.0	3.0	3.0	39.0	1.0	3.0	9.0	2.0	14.0
261	23.0	38.0	21.0	2.0	2.0	250.0	3.0	22.0	1.0	32.0	49.0	29.0	14.0	90.0	10.0	39.0	17.0	7.0	76.0
262	1.0	1.0	1.0	1.0	1.0	3.0	1.0	1.0	1.0	1.0	1.0	1.0	1.0	1.0	1.0	1.0	1.0	1.0	1.0
263	158.0	239.0	38.0	15.0	10.0	1801.0	20.0	150.0	1.0	231.0	336.0	194.0	98.0	506.0	68.0	282.0	99.0	48.0	332.0
264	1.0	5.0	3.0	1.0	1.0	9.0	1.0	4.0	1.0	1.0	5.0	1.0	1.0	22.0	1.0	3.0	5.0	1.0	14.0
265	225.0	215.0	158.0	14.0	13.0	1666.0	15.0	194.0	1.0	182.0	308.0	169.0	80.0	791.0	68.0	275.0	109.0	43.0	475.0
266	1.0	18.0	6.0	1.0	16.0	129.0	1.0	49.0	1.0	1.0	6.0	3.0	1.0	92.0	1.0	7.0	8.0	2.0	43.0
267	1.0	6.0	6.0	1.0	1.0	40.0	1.0	3.0	1.0	7.0	6.0	5.0	2.0	45.0	4.0	7.0	4.0	1.0	5.0
268	1.0	1.0	1.0	1.0	1.0	1.0	1.0	1.0	1.0	1.0	1.0	1.0	1.0	1.0	1.0	1.0	1.0	1.0	1.0
269	1.0	1.0	1.0	1.0	1.0	2.0	1.0	1.0	1.0	1.0	1.0	1.0	1.0	1.0	1.0	1.0	1.0	1.0	1.0
270	1.0	1.0	1.0	1.0	1.0	1.0	1.0	1.0	1.0	1.0	1.0	1.0	1.0	1.0	1.0	1.0	1.0	1.0	1.0
271	17.0	149.0	6.0	8.0	39.0	390.0	1.0	47.0	1.0	8.0	12.0	29.0	7.0	1306.0	3.0	25.0	5.0	32.0	60.0
272	3.0	12.0	1.0	1.0	4.0	80.0	1.0	39.0	1.0	3.0	6.0	3.0	2.0	34.0	1.0	5.0	3.0	2.0	125.0
273	21.0	25.0	10.0	1.0	2.0	232.0	8.0	8.0	1.0	28.0	35.0	18.0	7.0	69.0	4.0	29.0	14.0	5.0	20.0
274	1.0	1.0	1.0	1.0	1.0	10.0	1.0	1.0	1.0	1.0	1.0	2.0	1.0	22.0	1.0	1.0	1.0	1.0	1.0
275	37.0	28.0	12.0	1.0	1.0	647.0	16.0	16.0	1.0	23.0	73.0	24.0	4.0	129.0	2.0	20.0	17.0	6.0	60.0
276	1.0	24.0	6.0	2.0	2.0	143.0	1.0	13.0	1.0	1.0	29.0	10.0	1.0	247.0	1.0	7.0	1.0	17.0	42.0
277	1.0	1.0	1.0	1.0	1.0	7.0	1.0	1.0	1.0	2.0	2.0	1.0	1.0	5.0	1.0	2.0	1.0	1.0	1.0
278	61.0	30.0	6.0	1.0	2.0	272.0	1.0	16.0	1.0	25.0	24.0	12.0	5.0	86.0	2.0	23.0	7.0	7.0	41.0
279	136.0	58.0	7.0	2.0	5.0	323.0	13.0	26.0	1.0	22.0	62.0	51.0	15.0	141.0	1.0	49.0	19.0	17.0	41.0
280	44.0	23.0	3.0	1.0	1.0	171.0	1.0	7.0	1.0	24.0	16.0	5.0	5.0	69.0	2.0	24.0	3.0	5.0	18.0
281	5.0	4.0	1.0	1.0	1.0	43.0	1.0	6.0	1.0	3.0	4.0	1.0	1.0	20.0	1.0	5.0	1.0	1.0	3.0
282	29.0	11.0	1.0	1.0	1.0	179.0	1.0	10.0	1.0	11.0	16.0	5.0	3.0	40.0	7.0	13.0	7.0	2.0	27.0
283	3.0	1.0	1.0	1.0	1.0	16.0	1.0	5.0	1.0	1.0	2.0	1.0	1.0	20.0	1.0	1.0	2.0	1.0	1.0
284	82.0	60.0	7.0	9.0	5.0	526.0	5.0	39.0	1.0	39.0	91.0	53.0	13.0	683.0	9.0	46.0	22.0	27.0	82.0
285	1.0	4.0	3.0	1.0	1.0	26.0	1.0	10.0	1.0	1.0	3.0	3.0	1.0	55.0	1.0	2.0	2.0	3.0	11.0
286	7.0	14.0	1.0	1.0	3.0	166.0	1.0	33.0	1.0	4.0	19.0	4.0	2.0	55.0	1.0	8.0	4.0	2.0	25.0
287	6.0	3.0	5.0	1.0	1.0	25.0	1.0	10.0	1.0	2.0	3.0	3.0	1.0	17.0	1.0	2.0	2.0	1.0	4.0
288	286.0	508.0	116.0	25.0	31.0	2743.0	48.0	292.0	1.0	514.0	653.0	398.0	215.0	911.0	150.0	609.0	215.0	90.0	605.0
289	78.0	162.0	5.0	1.0	9.0	393.0	15.0	24.0	1.0	187.0	149.0	85.0	158.0	91.0	3.0	236.0	40.0	24.0	86.0
290	1.0	1.0	1.0	1.0	1.0	7.0	1.0	1.0	1.0	1.0	1.0	1.0	1.0	4.0	1.0	2.0	1.0	1.0	1.0
291	5.0	12.0	1.0	1.0	1.0	21.0	1.0	1.0	1.0	15.0	16.0	6.0	13.0	2.0	1.0	19.0	1.0	1.0	6.0
292	37.0	43.0	10.0	1.0	1.0	194.0	1.0	12.0	1.0	30.0	71.0	21.0	15.0	55.0	3.0	25.0	12.0	8.0	49.0
293	14.0	15.0	1.0	1.0	1.0	69.0	1.0	5.0	1.0	4.0	25.0	3.0	2.0	49.0	1.0	7.0	1.0	2.0	54.0
294	4.0	37.0	1.0	1.0	1.0	80.0	1.0	18.0	1.0	11.0	12.0	10.0	8.0	42.0	1.0	41.0	8.0	5.0	11.0
295	45.0	58.0	1.0	1.0	2.0	99.0	1.0	8.0	1.0	27.0	34.0	24.0	11.0	32.0	1.0	42.0	36.0	12.0	84.0
296	193.0	141.0	24.0	4.0	6.0	815.0	11.0	81.0	1.0	148.0	325.0	129.0	65.0	258.0	35.0	179.0	75.0	40.0	198.0
297	5.0	12.0	1.0	1.0	1.0	31.0	1.0	5.0	1.0	5.0	16.0	5.0	4.0	6.0	1.0	5.0	2.0	2.0	4.0
298	49.0	80.0	40.0	7.0	3.0	440.0	6.0	36.0	1.0	76.0	151.0	69.0	31.0	184.0	17.0	100.0	47.0	16.0	85.0
299	1.0	1.0	1.0	1.0	1.0	6.0	1.0	2.0	1.0	1.0	2.0	1.0	1.0	2.0	1.0	1.0	1.0	1.0	1.0
300	378.0	652.0	704.0	56.0	44.0	5825.0	48.0	368.0	1.0	558.0	1177.0	469.0	233.0	1188.0	97.0	863.0	443.0	146.0	677.0
301	97.0	233.0	4.0	2.0	13.0	246.0	7.0	30.0	1.0	75.0	64.0	45.0	19.0	58.0	1.0	106.0	62.0	16.0	34.0
302	36.0	162.0	201.0	15.0	6.0	1168.0	11.0	33.0	1.0	88.0	448.0	47.0	30.0	40.0	1.0	210.0	75.0	22.0	10.0
303	1.0	6.0	1.0	1.0	1.0	31.0	1.0	2.0	1.0	2.0	3.0	2.0	1.0	65.0	1.0	4.0	4.0	1.0	1.0
304	124.0	154.0	696.0	3.0	8.0	951.0	14.0	73.0	1.0	151.0	145.0	89.0	70.0	159.0	44.0	205.0	122.0	21.0	99.0
305	117.0	182.0	4.0	1.0	9.0	474.0	10.0	23.0	1.0	137.0	112.0	76.0	98.0	183.0	10.0	185.0	70.0	26.0	120.0
306	47.0	296.0	630.0	8.0	11.0	1139.0	16.0	74.0	1.0	250.0	147.0	85.0	102.0	127.0	36.0	206.0	140.0	24.0	48.0
307	80.0	117.0	19.0	2.0	11.0	922.0	11.0	93.0	1.0	130.0	170.0	90.0	63.0	293.0	39.0	189.0	124.0	15.0	211.0
308	83.0	120.0	4.0	1.0	7.0	297.0	9.0	18.0	1.0	124.0	105.0	59.0	98.0	105.0	3.0	156.0	29.0	20.0	114.0
309	1.0	70.0	160.0	1.0	6.0	348.0	4.0	43.0	1.0	94.0	278.0	43.0	72.0	89.0	7.0	95.0	78.0	5.0	141.0
310	46.0	146.0	3.0	1.0	6.0	160.0	1.0	15.0	1.0	28.0	42.0	24.0	12.0	89.0	5.0	60.0	97.0	13.0	61.0
311	4.0	92.0	589.0	3.0	6.0	848.0	14.0	61.0	1.0	107.0	211.0	58.0	62.0	168.0	38.0	144.0	128.0	9.0	160.0
312	30.0	236.0	4.0	1.0	3.0	142.0	1.0	12.0	1.0	38.0	44.0	25.0	8.0	55.0	4.0	53.0	89.0	9.0	36.0
313	65.0	113.0	14.0	1.0	4.0	605.0	2.0	43.0	1.0	60.0	200.0	58.0	39.0	139.0	6.0	96.0	61.0	7.0	124.0
314	105.0	136.0	31.0	1.0	3.0	361.0	2.0	27.0	1.0	65.0	78.0	48.0	46.0	102.0	2.0	109.0	83.0	17.0	117.0
315	155.0	247.0	82.0	18.0	14.0	1691.0	21.0	95.0	1.0	231.0	251.0	184.0	98.0	499.0	55.0	273.0	113.0	46.0	160.0
316	1.0	1.0	1.0	1.0	1.0	16.0	1.0	4.0	1.0	1.0	1.0	1.0	1.0	4.0	1.0	1.0	3.0	1.0	3.0
317	1.0	23.0	43.0	1.0	1.0	368.0	1.0	12.0	1.0	28.0	120.0	9.0	30.0	72.0	2.0	54.0	48.0	2.0	31.0
318	1.0	3.0	1.0	1.0	1.0	12.0	1.0	1.0	1.0	2.0	2.0	1.0	1.0	19.0	4.0	8.0	2.0	1.0	6.0
319	1.0	55.0	41.0	1.0	1.0	272.0	3.0	24.0	1.0	41.0	133.0	70.0	16.0	165.0	6.0	84.0	15.0	5.0	146.0
320	1.0	2.0	1.0	1.0	1.0	5.0	1.0	1.0	1.0	1.0	1.0	1.0	1.0	10.0	1.0	1.0	2.0	1.0	3.0
321	1.0	79.0	25.0	4.0	3.0	329.0	11.0	24.0	1.0	110.0	453.0	58.0	36.0	122.0	26.0	102.0	53.0	6.0	196.0
322	1.0	15.0	14.0	1.0	1.0	17.0	1.0	2.0	1.0	1.0	1.0	2.0	1.0	39.0	1.0	4.0	12.0	1.0	8.0
323	43.0	77.0	33.0	1.0	3.0	324.0	1.0	29.0	1.0	37.0	119.0	40.0	30.0	95.0	13.0	76.0	49.0	11.0	57.0
324	119.0	197.0	49.0	3.0	6.0	870.0	4.0	66.0	1.0	103.0	213.0	59.0	73.0	355.0	10.0	152.0	59.0	28.0	459.0
325	305.0	410.0	77.0	29.0	19.0	3864.0	33.0	300.0	1.0	379.0	456.0	320.0	167.0	895.0	108.0	455.0	198.0	82.0	535.0
326	6.0	6.0	3.0	1.0	4.0	47.0	1.0	16.0	1.0	1.0	6.0	2.0	1.0	26.0	1.0	2.0	5.0	1.0	6.0
327	2.0	5.0	1.0	1.0	1.0	16.0	1.0	3.0	1.0	2.0	2.0	2.0	1.0	7.0	1.0	6.0	2.0	1.0	3.0
328	14.0	119.0	21.0	1.0	4.0	609.0	2.0	31.0	1.0	95.0	210.0	77.0	31.0	133.0	4.0	222.0	25.0	14.0	52.0
329	328.0	679.0	109.0	36.0	100.0	5556.0	82.0	775.0	1.0	769.0	547.0	510.0	318.0	958.0	179.0	963.0	674.0	109.0	597.0
330	38.0	63.0	3.0	1.0	6.0	170.0	4.0	13.0	1.0	58.0	35.0	31.0	45.0	51.0	1.0	74.0	26.0	11.0	28.0
331	1.0	1.0	1.0	1.0	1.0	1.0	1.0	1.0	1.0	1.0	1.0	1.0	1.0	1.0	1.0	1.0	1.0	1.0	1.0
332	65.0	43.0	9.0	1.0	1.0	211.0	1.0	24.0	1.0	20.0	32.0	15.0	10.0	75.0	5.0	37.0	13.0	8.0	33.0
333	46.0	59.0	2.0	1.0	2.0	151.0	1.0	20.0	1.0	23.0	65.0	22.0	13.0	55.0	1.0	43.0	26.0	10.0	46.0
334	6.0	5.0	3.0	1.0	1.0	69.0	1.0	1.0	1.0	2.0	10.0	2.0	2.0	13.0	1.0	4.0	3.0	1.0	10.0
335	1.0	2.0	1.0	1.0	1.0	5.0	1.0	1.0	1.0	1.0	6.0	1.0	1.0	5.0	1.0	1.0	1.0	1.0	12.0
336	107.0	154.0	66.0	6.0	6.0	1082.0	13.0	105.0	1.0	149.0	181.0	130.0	64.0	305.0	37.0	181.0	82.0	32.0	191.0
337	3.0	5.0	2.0	1.0	1.0	24.0	1.0	6.0	1.0	1.0	6.0	2.0	1.0	24.0	1.0	2.0	1.0	1.0	4.0
338	22.0	181.0	56.0	5.0	7.0	1094.0	1.0	64.0	1.0	215.0	297.0	49.0	28.0	463.0	21.0	304.0	40.0	30.0	142.0
339	59.0	469.0	180.0	7.0	24.0	2640.0	10.0	102.0	1.0	315.0	747.0	216.0	116.0	878.0	15.0	631.0	184.0	60.0	173.0
340	75.0	112.0	483.0	2.0	6.0	732.0	9.0	60.0	1.0	141.0	145.0	59.0	69.0	110.0	33.0	156.0	90.0	14.0	68.0
341	100.0	344.0	5.0	5.0	7.0	334.0	7.0	15.0	1.0	168.0	81.0	79.0	48.0	135.0	19.0	137.0	46.0	26.0	59.0
342	5.0	104.0	16.0	8.0	2.0	273.0	1.0	22.0	1.0	6.0	61.0	69.0	10.0	424.0	20.0	21.0	18.0	15.0	78.0
343	8.0	318.0	17.0	213.0	3.0	12835.0	19.0	73.0	1.0	37.0	457.0	108.0	73.0	3143.0	65.0	291.0	15.0	14.0	2106.0
344	4.0	29.0	45.0	3.0	2.0	181.0	1.0	15.0	1.0	5.0	16.0	38.0	5.0	226.0	23.0	14.0	12.0	12.0	29.0
345	5.0	63.0	52.0	9.0	2.0	518.0	7.0	39.0	1.0	8.0	217.0	12.0	20.0	295.0	9.0	24.0	7.0	4.0	774.0
346	1.0	37.0	4.0	1.0	1.0	55.0	1.0	3.0	1.0	1.0	4.0	2.0	3.0	52.0	1.0	2.0	1.0	1.0	9.0
347	1.0	22.0	1.0	2.0	1.0	320.0	1.0	2.0	1.0	1.0	8.0	11.0	4.0	188.0	1.0	12.0	1.0	2.0	205.0
348	15.0	90.0	7.0	2.0	3.0	738.0	1.0	27.0	1.0	63.0	95.0	28.0	48.0	230.0	3.0	101.0	30.0	15.0	118.0
349	42.0	140.0	18.0	2.0	18.0	930.0	2.0	43.0	1.0	81.0	110.0	63.0	51.0	492.0	7.0	149.0	101.0	14.0	138.0
350	4.0	32.0	1.0	1.0	1.0	219.0	1.0	7.0	1.0	29.0	43.0	10.0	12.0	44.0	1.0	44.0	7.0	5.0	29.0
351	1.0	18.0	1.0	1.0	1.0	73.0	1.0	4.0	1.0	7.0	6.0	10.0	2.0	45.0	1.0	12.0	3.0	1.0	13.0
352	10.0	437.0	656.0	4.0	19.0	1575.0	7.0	114.0	1.0	377.0	899.0	118.0	73.0	348.0	56.0	610.0	150.0	36.0	242.0
353	42.0	292.0	3.0	8.0	2.0	538.0	10.0	11.0	1.0	196.0	72.0	71.0	59.0	284.0	13.0	124.0	49.0	18.0	66.0
354	1.0	2.0	5.0	1.0	1.0	12.0	1.0	1.0	1.0	2.0	4.0	1.0	1.0	1.0	1.0	2.0	1.0	1.0	1.0
355	84.0	135.0	27.0	10.0	6.0	778.0	12.0	61.0	1.0	132.0	152.0	107.0	54.0	256.0	26.0	156.0	67.0	24.0	127.0
356	1.0	1.0	1.0	1.0	2.0	21.0	1.0	5.0	1.0	1.0	1.0	1.0	1.0	2.0	1.0	1.0	4.0	1.0	3.0
357	6.0	11.0	32.0	1.0	1.0	45.0	1.0	4.0	1.0	11.0	10.0	8.0	5.0	18.0	3.0	14.0	3.0	2.0	19.0
358	1.0	1.0	1.0	1.0	1.0	1.0	1.0	1.0	1.0	1.0	1.0	1.0	1.0	1.0	1.0	1.0	1.0	1.0	1.0
359	4.0	71.0	276.0	1.0	3.0	445.0	1.0	36.0	1.0	108.0	314.0	13.0	10.0	257.0	5.0	140.0	42.0	16.0	53.0
360	1.0	43.0	1.0	6.0	1.0	164.0	4.0	3.0	1.0	13.0	5.0	4.0	1.0	71.0	1.0	13.0	6.0	3.0	4.0
361	1.0	11.0	1.0	1.0	1.0	24.0	1.0	13.0	1.0	3.0	2.0	2.0	3.0	17.0	1.0	14.0	3.0	2.0	4.0
362	13.0	42.0	2.0	1.0	3.0	203.0	1.0	23.0	1.0	12.0	25.0	10.0	15.0	63.0	1.0	46.0	13.0	7.0	8.0
363	5.0	13.0	1.0	1.0	3.0	60.0	1.0	31.0	1.0	4.0	109.0	3.0	5.0	31.0	1.0	15.0	5.0	2.0	4.0
364	42.0	57.0	1.0	1.0	3.0	118.0	1.0	25.0	1.0	17.0	54.0	16.0	9.0	53.0	1.0	58.0	27.0	7.0	11.0
365	1.0	20.0	1.0	1.0	1.0	92.0	1.0	10.0	1.0	5.0	12.0	6.0	3.0	28.0	4.0	17.0	3.0	4.0	3.0
366	20.0	47.0	8.0	1.0	2.0	216.0	1.0	10.0	1.0	21.0	36.0	20.0	9.0	75.0	1.0	49.0	14.0	12.0	14.0
367	1.0	2.0	1.0	1.0	1.0	7.0	1.0	2.0	1.0	1.0	1.0	1.0	1.0	3.0	1.0	2.0	1.0	1.0	1.0
368	3.0	10.0	1.0	1.0	1.0	54.0	1.0	4.0	1.0	4.0	8.0	3.0	3.0	16.0	1.0	11.0	2.0	2.0	3.0
369	3.0	37.0	1.0	1.0	1.0	84.0	1.0	11.0	1.0	10.0	3.0	11.0	5.0	93.0	1.0	31.0	2.0	4.0	4.0
370	75.0	102.0	5.0	1.0	3.0	290.0	1.0	29.0	1.0	37.0	20.0	37.0	17.0	301.0	1.0	88.0	16.0	24.0	16.0
371	17.0	27.0	4.0	1.0	1.0	158.0	1.0	25.0	1.0	15.0	11.0	39.0	3.0	160.0	1.0	28.0	8.0	7.0	19.0
372	11.0	37.0	1.0	1.0	2.0	139.0	1.0	54.0	1.0	12.0	31.0	19.0	4.0	70.0	2.0	22.0	3.0	11.0	13.0
373	3.0	8.0	2.0	1.0	1.0	23.0	1.0	6.0	1.0	3.0	5.0	3.0	1.0	9.0	1.0	10.0	2.0	2.0	4.0
374	1.0	12.0	1.0	1.0	1.0	37.0	1.0	25.0	1.0	1.0	25.0	1.0	2.0	7.0	1.0	6.0	1.0	3.0	5.0
375	35.0	146.0	47.0	1.0	10.0	1062.0	1.0	100.0	1.0	74.0	141.0	63.0	42.0	282.0	4.0	196.0	116.0	15.0	29.0
376	2.0	10.0	1.0	1.0	1.0	31.0	1.0	23.0	1.0	1.0	5.0	2.0	1.0	43.0	1.0	23.0	6.0	1.0	5.0
377	55.0	75.0	2.0	1.0	2.0	160.0	1.0	33.0	1.0	37.0	22.0	29.0	35.0	52.0	3.0	64.0	34.0	9.0	10.0
378	8.0	24.0	1.0	1.0	1.0	54.0	1.0	13.0	1.0	12.0	11.0	10.0	13.0	28.0	1.0	18.0	8.0	6.0	5.0
379	1.0	1.0	1.0	1.0	1.0	1.0	1.0	1.0	1.0	1.0	1.0	1.0	1.0	1.0	1.0	1.0	1.0	1.0	1.0
380	1.0	1.0	1.0	1.0	1.0	1.0	1.0	1.0	1.0	1.0	1.0	1.0	1.0	1.0	1.0	1.0	1.0	1.0	1.0
381	8.0	50.0	1.0	1.0	3.0	92.0	1.0	39.0	1.0	6.0	13.0	4.0	7.0	98.0	1.0	29.0	6.0	13.0	8.0
382	3.0	57.0	2.0	1.0	1.0	88.0	1.0	33.0	1.0	8.0	5.0	12.0	1.0	121.0	1.0	30.0	11.0	15.0	58.0
383	15.0	178.0	60.0	1.0	9.0	1713.0	2.0	119.0	1.0	119.0	85.0	97.0	50.0	227.0	13.0	266.0	185.0	13.0	27.0
384	2.0	9.0	1.0	1.0	1.0	37.0	1.0	6.0	1.0	6.0	3.0	3.0	4.0	44.0	7.0	10.0	3.0	1.0	3.0
385	1.0	2.0	1.0	1.0	1.0	36.0	1.0	7.0	1.0	7.0	1.0	5.0	1.0	15.0	1.0	6.0	1.0	1.0	3.0
386	4.0	14.0	1.0	1.0	1.0	118.0	1.0	27.0	1.0	24.0	8.0	34.0	3.0	97.0	1.0	19.0	6.0	2.0	15.0
387	25.0	40.0	1.0	1.0	2.0	112.0	1.0	43.0	1.0	12.0	89.0	11.0	7.0	73.0	1.0	53.0	32.0	5.0	13.0
388	20.0	64.0	35.0	2.0	3.0	433.0	5.0	35.0	1.0	40.0	48.0	29.0	19.0	155.0	6.0	78.0	21.0	11.0	26.0
389	14.0	32.0	2.0	1.0	1.0	72.0	1.0	12.0	1.0	7.0	15.0	6.0	5.0	45.0	1.0	27.0	4.0	7.0	7.0
390	36.0	55.0	8.0	1.0	3.0	230.0	1.0	27.0	1.0	27.0	30.0	20.0	9.0	99.0	3.0	53.0	18.0	13.0	47.0
391	17.0	52.0	18.0	1.0	2.0	173.0	1.0	103.0	1.0	17.0	55.0	11.0	13.0	89.0	1.0	46.0	3.0	19.0	38.0
392	4.0	16.0	3.0	1.0	1.0	51.0	1.0	7.0	1.0	4.0	5.0	4.0	1.0	27.0	1.0	14.0	5.0	4.0	13.0
393	1.0	7.0	1.0	1.0	1.0	16.0	1.0	12.0	1.0	1.0	7.0	1.0	1.0	1.0	1.0	3.0	1.0	2.0	4.0
394	66.0	117.0	1.0	1.0	5.0	293.0	1.0	36.0	1.0	46.0	45.0	38.0	39.0	90.0	2.0	106.0	63.0	18.0	15.0
395	10.0	13.0	1.0	1.0	1.0	63.0	1.0	16.0	1.0	5.0	8.0	4.0	4.0	21.0	1.0	17.0	7.0	2.0	7.0
396	1.0	32.0	1.0	1.0	1.0	66.0	1.0	43.0	1.0	2.0	7.0	2.0	1.0	16.0	1.0	16.0	3.0	8.0	12.0
397	27.0	16.0	3.0	1.0	1.0	142.0	1.0	11.0	1.0	11.0	45.0	13.0	8.0	118.0	1.0	18.0	6.0	3.0	27.0
398	68.0	101.0	18.0	4.0	6.0	1178.0	13.0	40.0	1.0	52.0	91.0	58.0	24.0	807.0	8.0	105.0	32.0	11.0	221.0
399	2.0	48.0	1.0	1.0	2.0	58.0	1.0	10.0	1.0	9.0	4.0	11.0	13.0	93.0	1.0	39.0	2.0	7.0	4.0
400	25.0	119.0	11.0	3.0	2.0	359.0	3.0	28.0	1.0	62.0	39.0	62.0	56.0	86.0	3.0	108.0	45.0	12.0	41.0
401	281.0	366.0	57.0	17.0	21.0	2349.0	24.0	237.0	1.0	295.0	414.0	294.0	131.0	658.0	68.0	412.0	201.0	81.0	370.0
402	112.0	101.0	2.0	1.0	6.0	327.0	2.0	28.0	1.0	48.0	61.0	48.0	29.0	80.0	1.0	59.0	45.0	17.0	68.0
403	23.0	33.0	6.0	1.0	1.0	186.0	1.0	20.0	1.0	18.0	60.0	24.0	9.0	205.0	3.0	33.0	13.0	15.0	37.0
404	70.0	169.0	8.0	6.0	9.0	1116.0	9.0	50.0	1.0	55.0	60.0	64.0	42.0	1010.0	8.0	149.0	33.0	19.0	250.0
405	1.0	3.0	1.0	1.0	1.0	6.0	1.0	1.0	1.0	1.0	1.0	1.0	1.0	9.0	1.0	2.0	1.0	1.0	1.0
406	2.0	23.0	1.0	1.0	1.0	105.0	1.0	6.0	1.0	7.0	12.0	7.0	6.0	75.0	1.0	16.0	3.0	1.0	27.0
407	1.0	1.0	1.0	1.0	1.0	1.0	1.0	1.0	1.0	1.0	1.0	1.0	1.0	1.0	1.0	1.0	1.0	1.0	1.0
408	67.0	281.0	78.0	26.0	16.0	1282.0	16.0	95.0	1.0	195.0	264.0	208.0	83.0	942.0	70.0	276.0	103.0	80.0	174.0
409	75.0	28.0	29.0	5.0	3.0	148.0	7.0	15.0	1.0	3.0	26.0	15.0	8.0	119.0	1.0	23.0	12.0	8.0	35.0
410	23.0	146.0	5.0	1.0	7.0	177.0	1.0	33.0	1.0	62.0	55.0	40.0	35.0	169.0	2.0	128.0	21.0	17.0	37.0
411	57.0	249.0	11.0	3.0	4.0	880.0	5.0	64.0	1.0	134.0	214.0	133.0	123.0	383.0	6.0	223.0	212.0	19.0	425.0
412	7.0	69.0	1.0	1.0	2.0	104.0	1.0	27.0	1.0	32.0	67.0	40.0	35.0	189.0	2.0	66.0	61.0	6.0	144.0
413	3.0	3.0	1.0	1.0	1.0	24.0	1.0	4.0	1.0	2.0	5.0	5.0	1.0	24.0	1.0	2.0	1.0	1.0	17.0
414	66.0	45.0	13.0	1.0	1.0	683.0	17.0	12.0	1.0	47.0	105.0	40.0	6.0	147.0	2.0	40.0	28.0	7.0	70.0
415	4.0	13.0	15.0	1.0	1.0	52.0	1.0	5.0	1.0	3.0	20.0	3.0	2.0	37.0	1.0	6.0	3.0	1.0	38.0
416	7.0	67.0	5.0	1.0	6.0	482.0	5.0	34.0	1.0	48.0	14.0	31.0	36.0	126.0	18.0	90.0	19.0	7.0	3.0
417	70.0	117.0	2.0	1.0	3.0	204.0	1.0	22.0	1.0	42.0	21.0	41.0	51.0	108.0	3.0	88.0	69.0	12.0	15.0
418	114.0	410.0	436.0	4.0	22.0	2293.0	15.0	266.0	1.0	246.0	1814.0	212.0	236.0	1011.0	16.0	544.0	528.0	40.0	1111.0
419	63.0	372.0	9.0	4.0	10.0	395.0	4.0	36.0	1.0	83.0	231.0	55.0	21.0	266.0	9.0	118.0	168.0	30.0	132.0
420	158.0	220.0	23.0	2.0	16.0	2004.0	14.0	85.0	1.0	183.0	316.0	149.0	125.0	686.0	85.0	259.0	116.0	36.0	263.0
421	89.0	170.0	2.0	1.0	11.0	528.0	3.0	25.0	1.0	87.0	56.0	82.0	49.0	363.0	7.0	142.0	183.0	33.0	105.0
422	155.0	183.0	13.0	1.0	12.0	973.0	10.0	72.0	1.0	144.0	158.0	106.0	84.0	197.0	16.0	199.0	87.0	37.0	130.0
423	110.0	134.0	6.0	1.0	11.0	348.0	2.0	24.0	1.0	68.0	50.0	68.0	32.0	201.0	3.0	112.0	60.0	35.0	86.0
424	134.0	130.0	2.0	1.0	5.0	769.0	7.0	56.0	1.0	115.0	103.0	77.0	40.0	237.0	1.0	117.0	60.0	17.0	98.0
425	215.0	114.0	4.0	1.0	3.0	332.0	1.0	34.0	1.0	60.0	82.0	49.0	34.0	174.0	1.0	85.0	115.0	28.0	47.0
426	1597.0	523.0	27.0	26.0	50.0	4157.0	33.0	478.0	1.0	407.0	399.0	422.0	183.0	1864.0	168.0	492.0	414.0	226.0	531.0
427	135.0	87.0	8.0	2.0	33.0	737.0	2.0	104.0	1.0	41.0	72.0	45.0	17.0	363.0	3.0	67.0	61.0	21.0	96.0
428	258.0	102.0	93.0	4.0	7.0	785.0	7.0	65.0	1.0	85.0	82.0	86.0	39.0	380.0	29.0	100.0	68.0	56.0	67.0
429	44.0	17.0	3.0	1.0	4.0	115.0	1.0	12.0	1.0	9.0	16.0	10.0	3.0	61.0	1.0	14.0	7.0	5.0	17.0
430	723.0	189.0	10.0	7.0	27.0	1734.0	9.0	223.0	1.0	127.0	150.0	150.0	58.0	763.0	64.0	156.0	156.0	98.0	291.0
431	104.0	364.0	4.0	1.0	92.0	522.0	2.0	78.0	1.0	32.0	44.0	37.0	16.0	2394.0	1.0	79.0	23.0	50.0	48.0
432	694.0	79.0	5.0	1.0	7.0	464.0	2.0	62.0	1.0	55.0	83.0	37.0	21.0	205.0	29.0	60.0	60.0	21.0	73.0
433	197.0	69.0	5.0	2.0	5.0	498.0	1.0	41.0	1.0	36.0	96.0	39.0	18.0	272.0	4.0	56.0	27.0	17.0	90.0
434	4.0	8.0	1.0	1.0	1.0	39.0	1.0	7.0	1.0	2.0	10.0	2.0	2.0	24.0	1.0	6.0	4.0	3.0	3.0
435	62.0	13.0	2.0	1.0	1.0	69.0	1.0	3.0	1.0	8.0	14.0	7.0	3.0	31.0	1.0	15.0	5.0	3.0	7.0
436	107.0	95.0	2.0	1.0	3.0	583.0	6.0	45.0	1.0	82.0	88.0	59.0	30.0	160.0	2.0	81.0	56.0	16.0	76.0
437	224.0	166.0	5.0	1.0	3.0	474.0	2.0	41.0	1.0	82.0	92.0	72.0	44.0	238.0	1.0	98.0	135.0	30.0	177.0
438	1220.0	520.0	19.0	18.0	26.0	3631.0	54.0	314.0	1.0	658.0	491.0	481.0	291.0	710.0	50.0	695.0	171.0	209.0	955.0
439	11.0	14.0	1.0	1.0	9.0	148.0	1.0	45.0	1.0	3.0	21.0	5.0	3.0	58.0	1.0	6.0	9.0	3.0	24.0
440	653.0	86.0	27.0	1.0	7.0	640.0	3.0	56.0	1.0	64.0	83.0	58.0	28.0	237.0	34.0	86.0	53.0	26.0	69.0
441	134.0	45.0	5.0	1.0	3.0	312.0	1.0	21.0	1.0	22.0	59.0	25.0	11.0	144.0	1.0	36.0	17.0	12.0	30.0
442	398.0	72.0	4.0	1.0	6.0	670.0	3.0	40.0	1.0	49.0	61.0	33.0	18.0	307.0	25.0	57.0	16.0	19.0	44.0
443	401.0	79.0	4.0	1.0	10.0	318.0	2.0	33.0	1.0	27.0	45.0	33.0	13.0	359.0	5.0	62.0	17.0	21.0	26.0
444	143.0	74.0	2.0	1.0	3.0	403.0	3.0	45.0	1.0	51.0	55.0	52.0	18.0	119.0	2.0	67.0	34.0	11.0	60.0
445	92.0	81.0	4.0	1.0	3.0	263.0	1.0	29.0	1.0	36.0	57.0	33.0	17.0	135.0	2.0	68.0	37.0	17.0	53.0
446	128.0	102.0	10.0	1.0	3.0	309.0	1.0	32.0	1.0	83.0	118.0	42.0	30.0	84.0	10.0	79.0	34.0	24.0	103.0
447	217.0	182.0	12.0	1.0	3.0	683.0	1.0	47.0	1.0	83.0	157.0	77.0	49.0	216.0	2.0	132.0	132.0	39.0	215.0
448	1.0	1.0	1.0	1.0	1.0	1.0	1.0	1.0	1.0	1.0	1.0	1.0	1.0	1.0	1.0	1.0	1.0	1.0	1.0
449	1.0	1.0	1.0	1.0	1.0	5.0	1.0	1.0	1.0	1.0	1.0	1.0	1.0	1.0	1.0	1.0	1.0	1.0	1.0
450	125.0	124.0	42.0	2.0	5.0	961.0	6.0	71.0	1.0	99.0	147.0	86.0	47.0	229.0	38.0	132.0	52.0	35.0	198.0
451	138.0	106.0	7.0	1.0	3.0	420.0	1.0	25.0	1.0	53.0	103.0	48.0	22.0	225.0	4.0	74.0	37.0	31.0	89.0
452	45.0	75.0	2.0	1.0	4.0	315.0	3.0	24.0	1.0	55.0	100.0	50.0	36.0	282.0	32.0	84.0	28.0	9.0	71.0
453	115.0	156.0	15.0	1.0	6.0	516.0	1.0	26.0	1.0	81.0	153.0	71.0	39.0	659.0	7.0	162.0	136.0	22.0	104.0
454	85.0	153.0	9.0	1.0	14.0	746.0	7.0	105.0	1.0	101.0	120.0	84.0	67.0	145.0	17.0	158.0	82.0	22.0	89.0
455	116.0	121.0	1.0	1.0	11.0	327.0	3.0	30.0	1.0	58.0	57.0	53.0	45.0	198.0	3.0	97.0	63.0	27.0	46.0
456	7.0	25.0	1.0	1.0	1.0	101.0	1.0	24.0	1.0	7.0	31.0	7.0	7.0	15.0	1.0	18.0	4.0	8.0	21.0
457	122.0	90.0	9.0	1.0	3.0	256.0	1.0	16.0	1.0	50.0	61.0	41.0	18.0	100.0	1.0	68.0	25.0	28.0	30.0
458	92.0	71.0	5.0	1.0	3.0	626.0	1.0	30.0	1.0	38.0	83.0	25.0	12.0	282.0	5.0	45.0	15.0	14.0	106.0
459	8.0	22.0	1.0	1.0	1.0	102.0	1.0	10.0	1.0	6.0	23.0	9.0	2.0	121.0	1.0	12.0	6.0	3.0	31.0
460	19.0	11.0	1.0	1.0	1.0	96.0	1.0	8.0	1.0	7.0	26.0	4.0	3.0	52.0	3.0	7.0	4.0	2.0	16.0
461	14.0	22.0	1.0	1.0	2.0	370.0	2.0	31.0	1.0	17.0	35.0	18.0	7.0	144.0	1.0	20.0	20.0	3.0	38.0
462	1.0	1.0	1.0	1.0	1.0	11.0	1.0	3.0	1.0	1.0	1.0	1.0	1.0	5.0	1.0	1.0	1.0	1.0	1.0
463	58.0	70.0	6.0	1.0	1.0	392.0	3.0	24.0	1.0	26.0	31.0	72.0	17.0	81.0	1.0	54.0	21.0	3.0	74.0
464	17.0	9.0	1.0	1.0	1.0	139.0	1.0	15.0	1.0	6.0	12.0	5.0	2.0	73.0	1.0	9.0	6.0	1.0	19.0
465	1.0	4.0	1.0	1.0	1.0	13.0	1.0	1.0	1.0	3.0	5.0	1.0	1.0	6.0	1.0	4.0	1.0	1.0	1.0
466	1.0	1.0	1.0	1.0	1.0	2.0	1.0	1.0	1.0	1.0	1.0	1.0	1.0	1.0	1.0	2.0	1.0	1.0	1.0
467	17.0	260.0	21.0	3.0	1.0	849.0	1.0	25.0	1.0	9.0	64.0	64.0	7.0	612.0	3.0	99.0	8.0	12.0	120.0
468	1.0	23.0	1.0	1.0	1.0	33.0	1.0	2.0	1.0	1.0	5.0	33.0	1.0	138.0	1.0	23.0	1.0	2.0	21.0
469	11.0	374.0	6.0	3.0	1.0	1067.0	1.0	14.0	1.0	5.0	103.0	21.0	8.0	659.0	3.0	85.0	4.0	12.0	187.0
470	11.0	29.0	6.0	1.0	1.0	346.0	1.0	33.0	1.0	11.0	27.0	15.0	6.0	536.0	1.0	34.0	13.0	7.0	178.0
471	4.0	11.0	1.0	1.0	1.0	82.0	1.0	9.0	1.0	3.0	21.0	3.0	1.0	70.0	1.0	5.0	3.0	1.0	25.0
472	25.0	36.0	6.0	1.0	1.0	432.0	1.0	32.0	1.0	32.0	79.0	23.0	14.0	203.0	22.0	37.0	17.0	9.0	30.0
473	4.0	14.0	4.0	1.0	1.0	145.0	1.0	27.0	1.0	4.0	34.0	4.0	3.0	39.0	3.0	7.0	6.0	2.0	52.0
474	21.0	14.0	2.0	1.0	1.0	306.0	1.0	5.0	1.0	8.0	18.0	7.0	5.0	25.0	2.0	13.0	9.0	3.0	28.0
475	1.0	94.0	1.0	4.0	1.0	761.0	1.0	2.0	1.0	6.0	1.0	4.0	9.0	202.0	1.0	24.0	1.0	4.0	1.0
476	1.0	492.0	1.0	19.0	1.0	3782.0	1.0	11.0	1.0	28.0	1.0	22.0	46.0	1044.0	1.0	124.0	1.0	19.0	3.0
477	125.0	90.0	45.0	1.0	3.0	503.0	1.0	31.0	1.0	43.0	105.0	57.0	26.0	188.0	13.0	80.0	36.0	17.0	135.0
478	2.0	4.0	1.0	1.0	1.0	26.0	1.0	5.0	1.0	1.0	2.0	1.0	1.0	28.0	1.0	3.0	1.0	1.0	9.0
479	14.0	15.0	3.0	1.0	1.0	519.0	1.0	13.0	1.0	12.0	63.0	13.0	3.0	93.0	1.0	12.0	12.0	1.0	28.0
480	1.0	2.0	1.0	1.0	1.0	21.0	1.0	3.0	1.0	1.0	1.0	1.0	1.0	10.0	1.0	1.0	1.0	1.0	1.0
481	16.0	60.0	8.0	1.0	1.0	328.0	3.0	23.0	1.0	18.0	23.0	72.0	15.0	67.0	1.0	45.0	17.0	2.0	80.0
482	1.0	8.0	2.0	1.0	1.0	30.0	1.0	4.0	1.0	2.0	12.0	2.0	1.0	67.0	1.0	3.0	1.0	1.0	10.0
483	54.0	31.0	12.0	1.0	1.0	232.0	1.0	17.0	1.0	18.0	40.0	15.0	9.0	98.0	6.0	22.0	14.0	9.0	43.0
484	19.0	54.0	24.0	1.0	1.0	255.0	1.0	19.0	1.0	23.0	35.0	37.0	13.0	71.0	3.0	44.0	20.0	4.0	40.0
485	2.0	7.0	1.0	1.0	1.0	19.0	1.0	3.0	1.0	1.0	2.0	1.0	1.0	2.0	1.0	2.0	1.0	1.0	5.0
486	37.0	20.0	1.0	1.0	1.0	193.0	1.0	24.0	1.0	14.0	43.0	15.0	5.0	102.0	1.0	25.0	7.0	4.0	44.0
487	1.0	2.0	1.0	1.0	1.0	6.0	1.0	1.0	1.0	1.0	1.0	1.0	1.0	10.0	1.0	1.0	1.0	1.0	3.0
488	6.0	6.0	6.0	1.0	1.0	35.0	1.0	2.0	1.0	3.0	7.0	3.0	2.0	13.0	1.0	5.0	3.0	1.0	9.0
489	53.0	97.0	33.0	1.0	2.0	379.0	1.0	27.0	1.0	50.0	97.0	43.0	27.0	142.0	15.0	83.0	38.0	11.0	82.0
490	1.0	19.0	1.0	1.0	1.0	91.0	1.0	6.0	1.0	1.0	35.0	5.0	1.0	67.0	1.0	7.0	1.0	1.0	78.0
491	78.0	46.0	28.0	1.0	2.0	266.0	1.0	27.0	1.0	34.0	60.0	34.0	18.0	101.0	21.0	53.0	28.0	12.0	82.0
492	3.0	13.0	1.0	1.0	1.0	28.0	1.0	3.0	1.0	1.0	8.0	2.0	1.0	40.0	1.0	4.0	1.0	1.0	15.0
493	18.0	10.0	12.0	1.0	1.0	135.0	1.0	18.0	1.0	5.0	5.0	5.0	2.0	32.0	1.0	5.0	10.0	1.0	5.0
494	1.0	6.0	1.0	1.0	1.0	24.0	1.0	1.0	1.0	6.0	6.0	4.0	3.0	24.0	2.0	10.0	2.0	1.0	2.0
495	1.0	1.0	1.0	1.0	1.0	3.0	1.0	1.0	1.0	1.0	1.0	1.0	1.0	3.0	1.0	1.0	1.0	1.0	1.0
496	114.0	38.0	13.0	1.0	1.0	276.0	1.0	23.0	1.0	25.0	45.0	25.0	11.0	73.0	20.0	33.0	19.0	11.0	49.0
497	2.0	5.0	1.0	1.0	1.0	36.0	1.0	3.0	1.0	1.0	8.0	2.0	1.0	35.0	1.0	2.0	1.0	1.0	10.0
498	269.0	284.0	51.0	18.0	12.0	1876.0	26.0	162.0	1.0	291.0	295.0	242.0	122.0	717.0	73.0	343.0	145.0	79.0	258.0
499	10.0	82.0	1.0	1.0	5.0	55.0	6.0	4.0	1.0	8.0	8.0	7.0	20.0	319.0	1.0	6.0	5.0	6.0	6.0
500	1.0	5.0	1.0	1.0	1.0	5.0	1.0	1.0	1.0	1.0	1.0	1.0	1.0	38.0	1.0	1.0	1.0	1.0	1.0
501	124.0	482.0	746.0	18.0	35.0	2994.0	19.0	310.0	1.0	314.0	3660.0	375.0	123.0	1201.0	73.0	714.0	716.0	75.0	1621.0
502	1.0	44.0	1.0	1.0	2.0	15.0	1.0	3.0	1.0	1.0	1.0	1.0	1.0	78.0	1.0	6.0	3.0	2.0	7.0
503	147.0	50.0	4.0	1.0	12.0	547.0	1.0	30.0	1.0	67.0	25.0	89.0	54.0	182.0	1.0	77.0	29.0	15.0	146.0
504	2.0	4.0	1.0	1.0	1.0	17.0	1.0	3.0	1.0	1.0	2.0	1.0	1.0	18.0	1.0	5.0	1.0	1.0	4.0
505	84.0	23.0	1.0	1.0	8.0	174.0	1.0	10.0	1.0	27.0	19.0	38.0	25.0	83.0	1.0	30.0	18.0	6.0	55.0
506	1.0	3.0	1.0	1.0	1.0	11.0	1.0	1.0	1.0	1.0	1.0	1.0	1.0	15.0	1.0	1.0	1.0	2.0	1.0
507	96.0	31.0	28.0	1.0	11.0	315.0	2.0	40.0	1.0	25.0	43.0	40.0	40.0	225.0	4.0	35.0	28.0	8.0	65.0
508	563.0	489.0	31.0	36.0	23.0	3169.0	23.0	381.0	1.0	296.0	391.0	295.0	164.0	2689.0	214.0	753.0	265.0	123.0	438.0
509	1.0	1.0	1.0	1.0	1.0	1.0	1.0	1.0	1.0	1.0	1.0	1.0	1.0	1.0	1.0	1.0	1.0	1.0	1.0
510	6.0	8.0	6.0	1.0	1.0	57.0	1.0	4.0	1.0	8.0	9.0	8.0	4.0	31.0	1.0	10.0	2.0	3.0	20.0
511	8.0	63.0	18.0	1.0	6.0	144.0	1.0	48.0	1.0	7.0	69.0	13.0	9.0	248.0	1.0	24.0	28.0	4.0	55.0
512	308.0	241.0	58.0	12.0	7.0	2684.0	3.0	272.0	1.0	62.0	276.0	103.0	54.0	1278.0	21.0	320.0	46.0	26.0	733.0
513	8.0	20.0	4.0	1.0	1.0	103.0	1.0	15.0	1.0	5.0	31.0	9.0	6.0	131.0	1.0	12.0	7.0	1.0	23.0
514	84.0	125.0	17.0	1.0	1.0	657.0	1.0	41.0	1.0	24.0	85.0	96.0	16.0	517.0	5.0	114.0	16.0	19.0	150.0
515	17.0	73.0	45.0	7.0	5.0	393.0	2.0	58.0	1.0	21.0	38.0	46.0	16.0	541.0	40.0	51.0	24.0	34.0	52.0
516	22.0	48.0	29.0	9.0	4.0	230.0	8.0	32.0	1.0	38.0	42.0	18.0	25.0	149.0	3.0	39.0	23.0	13.0	43.0
517	3.0	6.0	1.0	1.0	1.0	39.0	1.0	4.0	1.0	2.0	3.0	2.0	2.0	46.0	1.0	6.0	1.0	1.0	9.0
518	13.0	36.0	2.0	1.0	2.0	194.0	1.0	11.0	1.0	13.0	24.0	11.0	27.0	72.0	1.0	32.0	13.0	5.0	56.0
519	19.0	38.0	1.0	1.0	1.0	55.0	1.0	14.0	1.0	2.0	11.0	12.0	5.0	66.0	1.0	24.0	3.0	2.0	7.0
520	1.0	28.0	1.0	1.0	1.0	169.0	1.0	6.0	1.0	11.0	12.0	11.0	6.0	77.0	1.0	21.0	5.0	3.0	11.0
521	1.0	1.0	1.0	1.0	1.0	1.0	1.0	1.0	1.0	1.0	1.0	1.0	1.0	1.0	1.0	1.0	1.0	1.0	1.0
522	1.0	1.0	1.0	1.0	1.0	1.0	1.0	1.0	1.0	1.0	1.0	1.0	1.0	1.0	1.0	1.0	1.0	1.0	1.0
523	23.0	42.0	6.0	1.0	14.0	686.0	1.0	30.0	1.0	15.0	147.0	21.0	22.0	438.0	1.0	46.0	51.0	4.0	189.0
524	1.0	56.0	1.0	1.0	1.0	158.0	1.0	15.0	1.0	1.0	11.0	10.0	3.0	401.0	1.0	57.0	2.0	3.0	42.0
525	20.0	14.0	5.0	1.0	1.0	70.0	1.0	4.0	1.0	9.0	21.0	7.0	16.0	30.0	1.0	18.0	15.0	4.0	22.0
526	5.0	4.0	1.0	1.0	1.0	53.0	1.0	5.0	1.0	2.0	6.0	3.0	1.0	34.0	1.0	2.0	2.0	1.0	3.0
527	3.0	8.0	1.0	1.0	2.0	47.0	1.0	5.0	1.0	6.0	14.0	3.0	8.0	25.0	1.0	9.0	16.0	3.0	19.0
528	1.0	4.0	1.0	1.0	1.0	50.0	1.0	1.0	1.0	2.0	5.0	3.0	1.0	35.0	1.0	2.0	1.0	1.0	6.0
529	3.0	177.0	6.0	1.0	1.0	214.0	1.0	51.0	1.0	77.0	10.0	83.0	3.0	129.0	1.0	174.0	3.0	15.0	13.0
530	1.0	119.0	1.0	1.0	1.0	1050.0	1.0	30.0	1.0	6.0	148.0	68.0	1.0	157.0	1.0	71.0	1.0	1.0	136.0
531	2.0	9.0	1.0	3.0	1.0	232.0	1.0	3.0	1.0	5.0	2.0	5.0	1.0	110.0	1.0	4.0	1.0	1.0	8.0
532	5.0	41.0	2.0	2.0	1.0	364.0	1.0	29.0	1.0	85.0	20.0	8.0	15.0	201.0	1.0	99.0	13.0	18.0	71.0
533	1.0	23.0	1.0	3.0	1.0	7.0	1.0	1.0	1.0	1.0	24.0	5.0	2.0	157.0	1.0	5.0	1.0	1.0	1.0
534	3.0	130.0	1.0	2.0	1.0	4520.0	1.0	64.0	1.0	290.0	168.0	22.0	12.0	816.0	1.0	343.0	2.0	58.0	193.0
535	5.0	19.0	1.0	1.0	1.0	109.0	1.0	7.0	1.0	1.0	12.0	7.0	1.0	46.0	1.0	10.0	1.0	1.0	16.0
536	5.0	9.0	1.0	3.0	1.0	77.0	1.0	4.0	1.0	3.0	27.0	12.0	12.0	55.0	1.0	10.0	2.0	1.0	14.0
537	1.0	24.0	1.0	1.0	1.0	51.0	1.0	4.0	1.0	1.0	3.0	1.0	1.0	133.0	1.0	21.0	4.0	1.0	17.0
538	3.0	39.0	6.0	1.0	2.0	168.0	1.0	16.0	1.0	10.0	22.0	4.0	3.0	54.0	1.0	28.0	7.0	2.0	43.0
539	1.0	31.0	1.0	1.0	1.0	396.0	1.0	3.0	1.0	9.0	19.0	7.0	2.0	66.0	1.0	15.0	1.0	1.0	25.0
540	1.0	9.0	1.0	1.0	1.0	125.0	1.0	3.0	1.0	3.0	3.0	2.0	2.0	63.0	1.0	5.0	1.0	1.0	8.0
541	17.0	35.0	1.0	2.0	1.0	289.0	1.0	10.0	1.0	20.0	31.0	8.0	34.0	93.0	1.0	33.0	12.0	6.0	30.0
542	1.0	26.0	1.0	9.0	1.0	335.0	1.0	5.0	1.0	4.0	18.0	5.0	2.0	174.0	1.0	11.0	1.0	2.0	13.0
543	3.0	90.0	1.0	11.0	1.0	643.0	1.0	17.0	1.0	45.0	96.0	25.0	9.0	679.0	1.0	67.0	3.0	12.0	22.0
544	1.0	196.0	2.0	22.0	1.0	1803.0	1.0	38.0	1.0	51.0	239.0	86.0	9.0	963.0	1.0	132.0	1.0	13.0	147.0
545	1.0	12.0	1.0	5.0	1.0	750.0	1.0	8.0	1.0	4.0	5.0	6.0	2.0	156.0	1.0	5.0	1.0	1.0	15.0
546	36.0	97.0	49.0	2.0	1.0	527.0	1.0	24.0	1.0	115.0	88.0	41.0	12.0	121.0	1.0	189.0	32.0	14.0	89.0
547	6.0	24.0	1.0	1.0	1.0	85.0	1.0	6.0	1.0	4.0	22.0	4.0	8.0	66.0	1.0	16.0	6.0	2.0	11.0
548	1.0	19.0	1.0	1.0	2.0	60.0	1.0	5.0	1.0	3.0	13.0	2.0	7.0	60.0	1.0	10.0	2.0	2.0	8.0
549	5.0	36.0	3.0	1.0	1.0	116.0	1.0	11.0	1.0	5.0	36.0	5.0	10.0	65.0	1.0	26.0	11.0	3.0	6.0
550	1.0	5.0	1.0	1.0	1.0	19.0	1.0	2.0	1.0	1.0	1.0	1.0	1.0	18.0	1.0	3.0	1.0	1.0	1.0
551	22.0	56.0	27.0	1.0	2.0	94.0	1.0	20.0	1.0	13.0	21.0	16.0	1.0	71.0	1.0	30.0	3.0	2.0	12.0
552	1.0	142.0	1.0	6.0	1.0	4590.0	1.0	13.0	1.0	79.0	62.0	89.0	30.0	742.0	1.0	101.0	1.0	12.0	219.0
553	7.0	9.0	1.0	1.0	2.0	93.0	1.0	3.0	1.0	5.0	16.0	5.0	11.0	64.0	1.0	10.0	8.0	2.0	15.0
554	4.0	9.0	1.0	1.0	1.0	68.0	1.0	3.0	1.0	3.0	8.0	4.0	3.0	40.0	1.0	8.0	2.0	1.0	9.0
555	8.0	26.0	3.0	3.0	1.0	147.0	1.0	3.0	1.0	17.0	32.0	7.0	5.0	113.0	1.0	27.0	4.0	4.0	26.0
556	1.0	18.0	1.0	2.0	1.0	443.0	1.0	2.0	1.0	6.0	6.0	8.0	3.0	162.0	1.0	9.0	1.0	2.0	82.0
557	8.0	18.0	4.0	2.0	1.0	102.0	1.0	4.0	1.0	20.0	25.0	5.0	5.0	40.0	1.0	30.0	8.0	5.0	14.0
558	1.0	6.0	1.0	4.0	1.0	79.0	1.0	1.0	1.0	1.0	1.0	1.0	1.0	118.0	1.0	1.0	1.0	1.0	76.0
559	4.0	47.0	1.0	1.0	1.0	275.0	1.0	8.0	1.0	24.0	9.0	12.0	7.0	90.0	1.0	43.0	32.0	5.0	25.0
560	3.0	11.0	2.0	1.0	1.0	56.0	1.0	11.0	1.0	2.0	8.0	5.0	1.0	26.0	1.0	6.0	5.0	1.0	7.0
561	112.0	49.0	4.0	2.0	10.0	331.0	1.0	26.0	1.0	39.0	39.0	63.0	36.0	302.0	1.0	77.0	22.0	10.0	162.0
562	1.0	81.0	1.0	1.0	1.0	184.0	2.0	12.0	1.0	3.0	3.0	8.0	3.0	575.0	1.0	81.0	1.0	17.0	34.0
563	1.0	13.0	1.0	1.0	1.0	82.0	2.0	3.0	1.0	6.0	4.0	5.0	3.0	104.0	1.0	6.0	1.0	1.0	6.0
564	6.0	21.0	1.0	1.0	1.0	221.0	1.0	9.0	1.0	16.0	18.0	7.0	27.0	116.0	1.0	20.0	7.0	4.0	72.0
565	5.0	13.0	1.0	1.0	1.0	73.0	1.0	8.0	1.0	5.0	6.0	3.0	5.0	44.0	1.0	10.0	5.0	2.0	13.0
566	4.0	29.0	1.0	1.0	1.0	58.0	1.0	8.0	1.0	10.0	4.0	4.0	5.0	26.0	1.0	23.0	3.0	2.0	29.0
567	2.0	5.0	2.0	1.0	1.0	51.0	1.0	1.0	1.0	3.0	18.0	3.0	6.0	16.0	1.0	7.0	5.0	1.0	6.0
568	1.0	2.0	1.0	1.0	1.0	37.0	1.0	1.0	1.0	1.0	1.0	1.0	1.0	24.0	1.0	1.0	1.0	1.0	1.0
569	6.0	9.0	2.0	1.0	2.0	101.0	1.0	6.0	1.0	4.0	17.0	5.0	9.0	96.0	1.0	10.0	8.0	1.0	23.0
570	1.0	2.0	1.0	1.0	1.0	8.0	1.0	1.0	1.0	1.0	3.0	1.0	1.0	20.0	1.0	2.0	1.0	1.0	2.0
571	3.0	8.0	1.0	1.0	1.0	34.0	1.0	6.0	1.0	2.0	10.0	1.0	4.0	24.0	1.0	6.0	12.0	1.0	11.0
572	1.0	6.0	5.0	1.0	1.0	51.0	1.0	5.0	1.0	3.0	9.0	2.0	3.0	18.0	1.0	6.0	4.0	1.0	18.0
573	44.0	6.0	1.0	1.0	1.0	46.0	1.0	4.0	1.0	5.0	9.0	4.0	5.0	33.0	1.0	7.0	4.0	1.0	6.0
574	1.0	13.0	1.0	1.0	1.0	161.0	1.0	6.0	1.0	6.0	9.0	7.0	4.0	150.0	10.0	11.0	1.0	3.0	13.0
575	22.0	63.0	4.0	1.0	4.0	206.0	2.0	24.0	1.0	16.0	166.0	12.0	47.0	80.0	1.0	63.0	43.0	10.0	56.0
576	2.0	10.0	2.0	1.0	1.0	36.0	1.0	5.0	1.0	5.0	4.0	2.0	2.0	9.0	1.0	10.0	3.0	1.0	28.0
577	25.0	20.0	1.0	1.0	1.0	109.0	1.0	12.0	1.0	9.0	23.0	16.0	6.0	176.0	1.0	28.0	8.0	2.0	11.0
578	7.0	5.0	1.0	1.0	1.0	46.0	1.0	4.0	1.0	5.0	2.0	8.0	6.0	35.0	1.0	8.0	2.0	1.0	40.0
579	1.0	1.0	1.0	1.0	1.0	14.0	1.0	1.0	1.0	1.0	2.0	1.0	1.0	9.0	1.0	1.0	1.0	1.0	6.0
580	1.0	1.0	1.0	1.0	1.0	3.0	1.0	1.0	1.0	1.0	1.0	2.0	1.0	2.0	1.0	2.0	1.0	1.0	5.0
581	1.0	1.0	1.0	1.0	1.0	1.0	1.0	1.0	1.0	1.0	1.0	1.0	1.0	1.0	1.0	1.0	1.0	1.0	1.0
582	1.0	1.0	1.0	1.0	1.0	1.0	1.0	1.0	1.0	1.0	1.0	1.0	1.0	1.0	1.0	1.0	1.0	1.0	1.0
583	1.0	1.0	1.0	1.0	1.0	1.0	1.0	1.0	1.0	1.0	1.0	1.0	1.0	1.0	1.0	1.0	1.0	1.0	1.0
584	3.0	194.0	2610.0	9.0	17.0	3381.0	31.0	200.0	1.0	274.0	78.0	108.0	138.0	229.0	76.0	355.0	359.0	24.0	86.0
585	98.0	531.0	58.0	9.0	13.0	551.0	9.0	43.0	1.0	254.0	88.0	97.0	51.0	189.0	38.0	147.0	99.0	27.0	27.0
586	1.0	41.0	857.0	2.0	4.0	733.0	8.0	44.0	1.0	61.0	19.0	28.0	24.0	47.0	22.0	76.0	80.0	5.0	20.0
587	17.0	97.0	3.0	2.0	1.0	79.0	2.0	4.0	1.0	48.0	20.0	18.0	12.0	22.0	4.0	31.0	10.0	5.0	7.0
588	39.0	93.0	4.0	1.0	2.0	235.0	10.0	8.0	1.0	124.0	97.0	46.0	110.0	70.0	3.0	144.0	35.0	13.0	55.0
589	2.0	203.0	1.0	8.0	55.0	2647.0	38.0	428.0	1.0	288.0	7.0	127.0	152.0	40.0	38.0	373.0	411.0	22.0	5.0
590	16.0	48.0	3.0	1.0	2.0	109.0	4.0	4.0	1.0	56.0	23.0	24.0	48.0	55.0	2.0	67.0	32.0	7.0	23.0
591	1.0	174.0	1.0	8.0	58.0	2659.0	30.0	381.0	1.0	235.0	1.0	119.0	87.0	9.0	27.0	330.0	440.0	18.0	1.0
592	7.0	39.0	10.0	1.0	3.0	140.0	4.0	12.0	1.0	24.0	10.0	10.0	7.0	39.0	4.0	41.0	13.0	4.0	4.0
593	3.0	209.0	57.0	3.0	9.0	604.0	3.0	22.0	1.0	53.0	70.0	19.0	18.0	33.0	3.0	70.0	269.0	24.0	10.0
594	3.0	8.0	1.0	1.0	1.0	18.0	1.0	1.0	1.0	6.0	2.0	3.0	3.0	11.0	1.0	8.0	2.0	1.0	1.0
595	2.0	26.0	2.0	1.0	2.0	260.0	1.0	11.0	1.0	14.0	8.0	5.0	9.0	11.0	2.0	21.0	70.0	3.0	3.0
596	7.0	77.0	3.0	1.0	4.0	166.0	1.0	16.0	1.0	32.0	22.0	15.0	9.0	209.0	20.0	28.0	22.0	4.0	10.0
597	2.0	117.0	1076.0	5.0	8.0	1921.0	14.0	106.0	1.0	123.0	30.0	58.0	63.0	194.0	41.0	192.0	253.0	12.0	40.0
598	15.0	66.0	1.0	1.0	2.0	146.0	2.0	12.0	1.0	42.0	21.0	25.0	27.0	186.0	6.0	50.0	60.0	6.0	61.0
599	2.0	51.0	2.0	2.0	6.0	394.0	8.0	30.0	1.0	71.0	38.0	32.0	38.0	374.0	71.0	93.0	20.0	5.0	20.0
600	28.0	78.0	3.0	2.0	4.0	125.0	5.0	9.0	1.0	28.0	61.0	15.0	6.0	168.0	3.0	54.0	17.0	4.0	12.0
601	27.0	185.0	288.0	11.0	17.0	873.0	11.0	43.0	1.0	109.0	303.0	44.0	45.0	459.0	21.0	165.0	113.0	27.0	183.0
602	1.0	10.0	1.0	1.0	7.0	114.0	1.0	24.0	1.0	7.0	14.0	1.0	1.0	14.0	1.0	12.0	10.0	1.0	2.0
603	1.0	11.0	1.0	1.0	5.0	95.0	1.0	22.0	1.0	8.0	28.0	1.0	1.0	2.0	1.0	18.0	2.0	1.0	3.0
604	23.0	234.0	71.0	6.0	27.0	1054.0	11.0	120.0	1.0	215.0	33.0	78.0	84.0	261.0	26.0	153.0	218.0	20.0	33.0
605	2.0	232.0	71.0	4.0	42.0	2742.0	23.0	399.0	1.0	265.0	31.0	130.0	159.0	16.0	20.0	388.0	478.0	22.0	11.0
606	1.0	23.0	1.0	1.0	3.0	79.0	1.0	30.0	1.0	61.0	110.0	6.0	46.0	71.0	1.0	33.0	15.0	3.0	33.0
607	8.0	235.0	1.0	1.0	1.0	77.0	1.0	1.0	1.0	43.0	35.0	24.0	4.0	43.0	10.0	33.0	15.0	9.0	15.0
608	14.0	55.0	1.0	3.0	4.0	879.0	7.0	18.0	1.0	61.0	254.0	27.0	24.0	14.0	3.0	97.0	74.0	9.0	47.0
609	11.0	25.0	3.0	1.0	1.0	44.0	2.0	3.0	1.0	16.0	21.0	8.0	9.0	28.0	1.0	27.0	10.0	2.0	9.0
610	1.0	10.0	2.0	1.0	7.0	120.0	1.0	25.0	1.0	7.0	14.0	1.0	1.0	12.0	1.0	12.0	10.0	1.0	2.0
611	1.0	16.0	1.0	1.0	7.0	144.0	1.0	33.0	1.0	12.0	41.0	1.0	2.0	3.0	1.0	27.0	3.0	2.0	5.0
612	1.0	3.0	1.0	1.0	2.0	18.0	1.0	7.0	1.0	3.0	2.0	1.0	1.0	1.0	1.0	5.0	2.0	1.0	1.0
613	1.0	8.0	1.0	1.0	3.0	45.0	1.0	8.0	1.0	5.0	4.0	1.0	1.0	11.0	1.0	5.0	7.0	1.0	1.0
614	3.0	101.0	73.0	6.0	14.0	615.0	7.0	64.0	1.0	110.0	253.0	27.0	56.0	421.0	1.0	130.0	89.0	18.0	101.0
615	105.0	200.0	7.0	4.0	2.0	183.0	5.0	7.0	1.0	97.0	79.0	37.0	11.0	97.0	13.0	60.0	47.0	11.0	14.0
616	11.0	46.0	79.0	2.0	2.0	1004.0	7.0	16.0	1.0	61.0	195.0	29.0	27.0	44.0	28.0	88.0	15.0	5.0	39.0
617	22.0	109.0	4.0	2.0	2.0	120.0	11.0	5.0	1.0	102.0	70.0	38.0	80.0	62.0	1.0	134.0	32.0	12.0	29.0
618	6.0	55.0	164.0	1.0	7.0	404.0	5.0	52.0	1.0	94.0	63.0	21.0	67.0	35.0	6.0	85.0	66.0	8.0	27.0
619	21.0	256.0	7.0	5.0	8.0	334.0	5.0	27.0	1.0	121.0	34.0	48.0	19.0	182.0	34.0	79.0	62.0	16.0	12.0
620	1.0	26.0	1.0	1.0	11.0	216.0	1.0	50.0	1.0	19.0	62.0	3.0	1.0	2.0	1.0	43.0	5.0	3.0	8.0
621	1.0	8.0	1.0	1.0	7.0	54.0	1.0	25.0	1.0	6.0	3.0	1.0	1.0	2.0	1.0	15.0	2.0	1.0	4.0
622	1.0	50.0	55.0	2.0	1.0	198.0	2.0	4.0	1.0	22.0	86.0	7.0	4.0	10.0	1.0	30.0	20.0	6.0	4.0
623	3.0	16.0	7.0	1.0	1.0	25.0	1.0	5.0	1.0	11.0	22.0	4.0	2.0	20.0	1.0	20.0	3.0	1.0	4.0
624	1.0	4.0	1.0	1.0	2.0	35.0	1.0	7.0	1.0	2.0	3.0	1.0	1.0	4.0	1.0	3.0	3.0	1.0	1.0
625	1.0	5.0	1.0	1.0	3.0	52.0	1.0	12.0	1.0	5.0	16.0	1.0	2.0	1.0	1.0	10.0	1.0	1.0	2.0
626	35.0	76.0	2.0	2.0	3.0	492.0	12.0	13.0	1.0	95.0	437.0	50.0	47.0	34.0	6.0	141.0	19.0	10.0	83.0
627	1.0	1.0	1.0	1.0	1.0	1.0	1.0	1.0	1.0	1.0	1.0	1.0	1.0	1.0	1.0	1.0	1.0	1.0	1.0
628	1.0	1.0	1.0	1.0	1.0	1.0	1.0	1.0	1.0	1.0	1.0	1.0	1.0	1.0	1.0	1.0	1.0	1.0	1.0
629	1.0	55.0	15.0	5.0	8.0	84.0	3.0	32.0	1.0	33.0	35.0	12.0	6.0	449.0	1.0	71.0	5.0	11.0	88.0
630	15.0	74.0	1.0	2.0	2.0	63.0	4.0	5.0	1.0	26.0	38.0	12.0	1.0	16.0	1.0	46.0	6.0	5.0	6.0
631	9.0	47.0	37.0	1.0	4.0	1664.0	4.0	25.0	1.0	57.0	181.0	61.0	302.0	273.0	1.0	124.0	83.0	5.0	173.0
632	5.0	34.0	1.0	1.0	1.0	81.0	1.0	13.0	1.0	13.0	33.0	11.0	23.0	111.0	2.0	35.0	24.0	3.0	72.0
633	3.0	22.0	22.0	1.0	3.0	756.0	3.0	11.0	1.0	32.0	76.0	29.0	173.0	165.0	1.0	65.0	33.0	2.0	94.0
634	1.0	1.0	1.0	1.0	1.0	1.0	1.0	1.0	1.0	1.0	1.0	1.0	1.0	1.0	1.0	1.0	1.0	1.0	1.0
635	36.0	24.0	6.0	1.0	4.0	239.0	1.0	20.0	1.0	17.0	34.0	25.0	41.0	110.0	1.0	28.0	14.0	5.0	50.0
636	28.0	35.0	5.0	1.0	1.0	396.0	9.0	23.0	1.0	24.0	51.0	16.0	10.0	208.0	9.0	47.0	25.0	6.0	70.0
637	98.0	37.0	3.0	1.0	9.0	294.0	1.0	25.0	1.0	20.0	49.0	34.0	64.0	280.0	1.0	34.0	15.0	6.0	78.0
638	59.0	172.0	29.0	3.0	1.0	837.0	34.0	50.0	1.0	69.0	144.0	53.0	41.0	643.0	36.0	217.0	72.0	11.0	130.0
639	10.0	95.0	1.0	1.0	1.0	293.0	1.0	27.0	1.0	11.0	64.0	15.0	24.0	163.0	1.0	66.0	15.0	8.0	10.0
640	8.0	104.0	17.0	1.0	4.0	182.0	2.0	102.0	1.0	11.0	55.0	24.0	4.0	42.0	4.0	38.0	12.0	7.0	9.0
641	24.0	60.0	29.0	1.0	3.0	324.0	2.0	90.0	1.0	28.0	51.0	44.0	10.0	110.0	8.0	60.0	24.0	8.0	26.0
642	42.0	62.0	33.0	3.0	4.0	398.0	5.0	38.0	1.0	49.0	77.0	75.0	16.0	127.0	10.0	70.0	22.0	9.0	194.0
643	1.0	10.0	1.0	1.0	1.0	3.0	1.0	5.0	1.0	1.0	7.0	1.0	1.0	22.0	1.0	2.0	1.0	1.0	9.0
644	21.0	38.0	7.0	1.0	1.0	156.0	2.0	26.0	1.0	23.0	34.0	31.0	8.0	80.0	2.0	48.0	13.0	4.0	18.0
645	24.0	59.0	60.0	1.0	1.0	439.0	5.0	32.0	1.0	6.0	23.0	12.0	30.0	1097.0	1.0	10.0	114.0	5.0	245.0
646	23.0	67.0	12.0	1.0	2.0	316.0	3.0	53.0	1.0	31.0	72.0	47.0	12.0	126.0	8.0	87.0	28.0	6.0	28.0
647	19.0	6.0	1.0	1.0	1.0	9.0	1.0	11.0	1.0	1.0	3.0	2.0	1.0	11.0	1.0	2.0	1.0	1.0	4.0
648	13.0	40.0	48.0	1.0	2.0	314.0	2.0	28.0	1.0	24.0	69.0	36.0	8.0	62.0	9.0	75.0	23.0	3.0	20.0
649	13.0	36.0	9.0	1.0	1.0	140.0	4.0	30.0	1.0	13.0	34.0	20.0	6.0	53.0	5.0	27.0	15.0	4.0	31.0
650	164.0	98.0	60.0	9.0	7.0	861.0	8.0	63.0	1.0	72.0	139.0	111.0	46.0	335.0	16.0	141.0	52.0	25.0	170.0
651	15.0	64.0	12.0	10.0	1.0	437.0	21.0	55.0	1.0	28.0	128.0	45.0	22.0	125.0	33.0	63.0	31.0	9.0	38.0
652	41.0	70.0	18.0	6.0	3.0	725.0	13.0	74.0	1.0	39.0	109.0	78.0	23.0	199.0	6.0	82.0	29.0	14.0	77.0
653	120.0	25.0	1.0	1.0	3.0	38.0	1.0	39.0	1.0	5.0	5.0	9.0	2.0	12.0	1.0	9.0	4.0	2.0	4.0
654	19.0	52.0	16.0	1.0	4.0	354.0	2.0	53.0	1.0	26.0	52.0	39.0	9.0	68.0	5.0	57.0	90.0	5.0	44.0
655	47.0	81.0	11.0	3.0	3.0	366.0	5.0	94.0	1.0	47.0	71.0	75.0	15.0	135.0	6.0	86.0	41.0	9.0	60.0
656	26.0	35.0	24.0	2.0	2.0	262.0	3.0	20.0	1.0	31.0	58.0	46.0	11.0	71.0	7.0	63.0	22.0	5.0	33.0
657	1.0	3.0	1.0	1.0	1.0	3.0	1.0	3.0	1.0	1.0	1.0	1.0	1.0	2.0	1.0	1.0	1.0	1.0	1.0
658	47.0	122.0	58.0	3.0	5.0	719.0	5.0	103.0	1.0	66.0	156.0	99.0	23.0	131.0	15.0	157.0	64.0	11.0	58.0
659	8.0	87.0	5.0	1.0	1.0	120.0	2.0	53.0	1.0	9.0	69.0	22.0	4.0	206.0	3.0	34.0	7.0	6.0	71.0
660	24.0	37.0	6.0	1.0	1.0	156.0	2.0	21.0	1.0	22.0	49.0	34.0	7.0	59.0	3.0	44.0	13.0	4.0	25.0
661	1.0	65.0	1.0	1.0	2.0	58.0	1.0	60.0	1.0	2.0	21.0	9.0	1.0	11.0	1.0	13.0	1.0	4.0	1.0
662	64.0	103.0	42.0	4.0	4.0	618.0	6.0	68.0	1.0	70.0	145.0	107.0	23.0	192.0	15.0	143.0	51.0	13.0	77.0
663	1.0	25.0	1.0	1.0	1.0	26.0	1.0	13.0	1.0	1.0	19.0	4.0	1.0	82.0	1.0	4.0	3.0	2.0	30.0
664	49.0	86.0	56.0	3.0	3.0	508.0	5.0	47.0	1.0	58.0	123.0	87.0	20.0	113.0	11.0	124.0	39.0	10.0	70.0
665	1.0	14.0	1.0	1.0	1.0	1.0	1.0	5.0	1.0	1.0	11.0	2.0	1.0	35.0	1.0	3.0	1.0	1.0	15.0
666	66.0	175.0	42.0	4.0	8.0	862.0	7.0	192.0	1.0	86.0	189.0	132.0	29.0	178.0	19.0	203.0	106.0	16.0	93.0
667	31.0	239.0	26.0	2.0	4.0	388.0	7.0	135.0	1.0	36.0	192.0	75.0	15.0	705.0	7.0	102.0	85.0	17.0	240.0
668	35.0	83.0	47.0	2.0	4.0	572.0	4.0	62.0	1.0	54.0	131.0	78.0	19.0	109.0	19.0	132.0	38.0	8.0	57.0
669	1.0	10.0	1.0	1.0	1.0	1.0	1.0	4.0	1.0	1.0	12.0	1.0	1.0	28.0	1.0	2.0	1.0	1.0	10.0
670	34.0	62.0	26.0	2.0	3.0	357.0	3.0	47.0	1.0	34.0	80.0	51.0	12.0	116.0	11.0	78.0	30.0	6.0	37.0
671	37.0	58.0	38.0	2.0	3.0	324.0	3.0	59.0	1.0	34.0	71.0	56.0	12.0	89.0	7.0	72.0	28.0	6.0	39.0
672	22.0	44.0	16.0	1.0	2.0	235.0	2.0	43.0	1.0	26.0	47.0	40.0	9.0	79.0	5.0	52.0	19.0	6.0	29.0
673	7.0	24.0	5.0	1.0	1.0	69.0	1.0	25.0	1.0	8.0	26.0	13.0	3.0	54.0	2.0	18.0	9.0	2.0	27.0
674	14.0	39.0	18.0	1.0	2.0	217.0	2.0	26.0	1.0	18.0	54.0	28.0	6.0	79.0	5.0	47.0	18.0	3.0	34.0
675	9.0	35.0	11.0	1.0	2.0	127.0	1.0	76.0	1.0	12.0	28.0	19.0	4.0	40.0	2.0	28.0	13.0	4.0	11.0
676	46.0	113.0	76.0	3.0	5.0	679.0	6.0	90.0	1.0	70.0	184.0	103.0	24.0	144.0	22.0	170.0	61.0	10.0	57.0
677	1.0	38.0	1.0	1.0	1.0	9.0	1.0	14.0	1.0	1.0	25.0	6.0	1.0	125.0	1.0	6.0	1.0	2.0	44.0
678	10.0	47.0	6.0	1.0	2.0	173.0	1.0	40.0	1.0	15.0	28.0	23.0	6.0	62.0	2.0	36.0	21.0	4.0	16.0
679	10.0	44.0	9.0	4.0	2.0	191.0	7.0	40.0	1.0	20.0	65.0	25.0	10.0	75.0	13.0	35.0	36.0	6.0	19.0
680	27.0	75.0	10.0	5.0	2.0	828.0	8.0	73.0	1.0	26.0	84.0	49.0	27.0	419.0	5.0	52.0	70.0	14.0	93.0
681	22.0	155.0	14.0	2.0	4.0	324.0	7.0	136.0	1.0	29.0	65.0	58.0	11.0	104.0	3.0	65.0	21.0	13.0	26.0
682	74.0	127.0	74.0	4.0	5.0	802.0	6.0	152.0	1.0	102.0	163.0	108.0	38.0	224.0	10.0	199.0	97.0	20.0	88.0
683	2.0	106.0	3.0	1.0	1.0	53.0	6.0	61.0	1.0	5.0	63.0	20.0	3.0	312.0	1.0	26.0	8.0	7.0	98.0
684	104.0	111.0	33.0	6.0	3.0	647.0	9.0	41.0	1.0	116.0	164.0	163.0	36.0	195.0	4.0	154.0	56.0	18.0	132.0
685	1.0	6.0	1.0	1.0	1.0	1.0	1.0	1.0	1.0	1.0	4.0	1.0	1.0	25.0	1.0	1.0	1.0	1.0	5.0
686	25.0	102.0	13.0	1.0	3.0	202.0	4.0	80.0	1.0	24.0	62.0	44.0	8.0	56.0	3.0	54.0	11.0	8.0	19.0
687	77.0	114.0	28.0	5.0	4.0	584.0	8.0	110.0	1.0	88.0	177.0	139.0	28.0	208.0	12.0	180.0	75.0	14.0	127.0
688	27.0	59.0	21.0	2.0	3.0	407.0	3.0	41.0	1.0	39.0	80.0	56.0	14.0	108.0	8.0	81.0	66.0	6.0	45.0
689	44.0	62.0	19.0	3.0	3.0	311.0	4.0	57.0	1.0	43.0	64.0	68.0	14.0	100.0	7.0	77.0	28.0	8.0	53.0
690	1.0	1.0	1.0	1.0	1.0	2.0	1.0	1.0	1.0	1.0	1.0	1.0	1.0	1.0	1.0	1.0	1.0	1.0	1.0
691	1.0	1.0	1.0	1.0	1.0	1.0	1.0	1.0	1.0	1.0	1.0	1.0	1.0	1.0	1.0	1.0	1.0	1.0	1.0
692	14.0	100.0	16.0	1.0	4.0	263.0	2.0	88.0	1.0	19.0	70.0	34.0	7.0	53.0	5.0	56.0	16.0	7.0	13.0
693	33.0	69.0	21.0	2.0	2.0	313.0	3.0	58.0	1.0	35.0	80.0	54.0	14.0	181.0	7.0	71.0	25.0	7.0	60.0
694	44.0	29.0	1.0	2.0	2.0	161.0	4.0	12.0	1.0	33.0	32.0	47.0	9.0	61.0	1.0	31.0	10.0	5.0	133.0
695	1.0	1.0	1.0	1.0	1.0	1.0	1.0	1.0	1.0	1.0	1.0	1.0	1.0	1.0	1.0	1.0	1.0	1.0	1.0
696	107.0	596.0	578.0	22.0	30.0	4830.0	42.0	323.0	1.0	492.0	1243.0	316.0	203.0	1189.0	80.0	821.0	299.0	80.0	303.0
697	10.0	167.0	28.0	1.0	7.0	326.0	7.0	150.0	1.0	53.0	157.0	51.0	20.0	163.0	5.0	105.0	56.0	13.0	57.0
698	1.0	12.0	25.0	1.0	1.0	180.0	1.0	5.0	1.0	11.0	61.0	8.0	5.0	17.0	4.0	28.0	5.0	1.0	6.0
699	1.0	1.0	1.0	1.0	1.0	2.0	1.0	1.0	1.0	1.0	1.0	1.0	1.0	1.0	1.0	1.0	1.0	1.0	1.0
700	4.0	24.0	1.0	1.0	1.0	62.0	3.0	27.0	1.0	7.0	12.0	9.0	3.0	90.0	3.0	12.0	5.0	3.0	18.0
701	156.0	293.0	33.0	11.0	10.0	1473.0	17.0	167.0	1.0	218.0	359.0	338.0	71.0	1081.0	8.0	371.0	183.0	47.0	609.0
702	4.0	27.0	2.0	1.0	1.0	91.0	1.0	27.0	1.0	5.0	17.0	11.0	3.0	141.0	3.0	15.0	36.0	11.0	19.0
703	90.0	79.0	6.0	2.0	5.0	494.0	4.0	31.0	1.0	16.0	69.0	46.0	22.0	350.0	1.0	94.0	36.0	20.0	85.0
704	10.0	73.0	3.0	1.0	4.0	117.0	3.0	49.0	1.0	15.0	19.0	16.0	8.0	128.0	1.0	54.0	27.0	10.0	8.0
705	294.0	683.0	152.0	14.0	22.0	3797.0	28.0	339.0	1.0	447.0	831.0	552.0	186.0	928.0	68.0	846.0	354.0	102.0	427.0
706	1.0	26.0	1.0	1.0	1.0	32.0	1.0	22.0	1.0	4.0	6.0	5.0	2.0	61.0	1.0	19.0	8.0	3.0	2.0
707	58.0	298.0	4.0	2.0	6.0	1003.0	3.0	109.0	1.0	95.0	90.0	136.0	40.0	592.0	5.0	323.0	72.0	36.0	51.0
708	2850.0	6374.0	2694.0	272.0	313.0	27196.0	452.0	1691.0	1.0	5282.0	5753.0	4064.0	2359.0	8224.0	1322.0	6900.0	3084.0	985.0	3005.0
709	1578.0	2794.0	896.0	177.0	72.0	15038.0	288.0	843.0	1.0	1681.0	3582.0	2254.0	1556.0	4034.0	264.0	3392.0	1284.0	449.0	1422.0
710	683.0	1353.0	222.0	48.0	45.0	3637.0	46.0	181.0	1.0	929.0	985.0	584.0	540.0	1456.0	62.0	1471.0	552.0	168.0	508.0
711	5270.0	8128.0	3939.0	326.0	435.0	56498.0	655.0	3575.0	1.0	6728.0	12256.0	8386.0	2400.0	15090.0	1467.0	13371.0	4891.0	1016.0	5354.0
712	713.0	1507.0	514.0	204.0	43.0	9791.0	299.0	629.0	1.0	1164.0	1602.0	891.0	859.0	1748.0	356.0	1636.0	547.0	253.0	622.0
713	2273.0	2734.0	484.0	66.0	80.0	15857.0	210.0	733.0	1.0	2376.0	2740.0	1402.0	1028.0	3657.0	161.0	2518.0	1092.0	461.0	1738.0
714	651.0	1670.0	454.0	73.0	63.0	7254.0	212.0	424.0	1.0	1280.0	1548.0	1075.0	491.0	2145.0	298.0	1761.0	646.0	276.0	792.0
;

param D:=
1	1190
2	6382
3	411
4	5060
5	1064
6	5962
7	82
8	1392
9	433
10	4864
11	19
12	175
13	105
14	948
15	331
16	4157
17	82
18	1172
19	362
20	3537
21	98
22	372
23	1204
24	471
25	6578
26	1276
27	7442
28	308
29	4246
30	1092
31	1705
32	1002
33	1374
34	604
35	1883
36	1567
37	703
38	6918
39	598
40	66
41	22
42	2192
43	90
44	2638
45	76
46	21
47	2669
48	47
49	384
50	1540
51	86
52	3107
53	292
54	6715
55	186
56	2803
57	609
58	918
59	230
60	1644
61	81
62	1446
63	1008
64	207
65	327
66	82
67	117
68	551
69	606
70	66
71	1064
72	1699
73	216
74	821
75	434
76	1451
77	1214
78	1512
79	1614
80	3684
81	728
82	607
83	213
84	88
85	108
86	164
87	1707
88	702
89	1271
90	72
91	729
92	95
93	668
94	545
95	294
96	972
97	1386
98	27
99	240
100	1183
101	19
102	34
103	19
104	52
105	161
106	1409
107	1121
108	11077
109	184
110	2092
111	206
112	1853
113	19
114	46
115	802
116	771
117	198
118	2186
119	4475
120	1420
121	370
122	807
123	544
124	1625
125	703
126	895
127	249
128	1544
129	151
130	335
131	1553
132	2345
133	478
134	1411
135	364
136	2672
137	1133
138	49
139	290
140	1277
141	8441
142	368
143	2073
144	197
145	3602
146	54
147	119
148	99
149	596
150	150
151	635
152	147
153	1195
154	3146
155	194
156	378
157	131
158	281
159	1457
160	7116
161	152
162	3839
163	38
164	3578
165	25
166	243
167	327
168	206
169	147
170	240
171	402
172	123
173	185
174	193
175	314
176	58
177	28
178	656
179	55
180	268
181	631
182	339
183	82
184	184
185	249
186	430
187	70
188	1204
189	205
190	338
191	164
192	1109
193	182
194	21
195	19
196	1382
197	207
198	1023
199	112
200	565
201	697
202	210
203	103
204	94
205	441
206	374
207	1106
208	2580
209	196
210	295
211	243
212	198
213	988
214	360
215	1323
216	2311
217	104
218	257
219	58
220	266
221	410
222	597
223	180
224	457
225	1387
226	36
227	1330
228	59
229	1757
230	57
231	390
232	414
233	135
234	768
235	638
236	57
237	3097
238	31
239	3452
240	382
241	3943
242	536
243	5088
244	454
245	215
246	19
247	1158
248	1627
249	211
250	164
251	693
252	203
253	2768
254	77
255	11250
256	472
257	130
258	19
259	26734
260	207
261	725
262	21
263	5551
264	80
265	6001
266	386
267	146
268	19
269	20
270	19
271	2145
272	326
273	537
274	50
275	1117
276	549
277	32
278	622
279	989
280	423
281	103
282	365
283	61
284	2159
285	130
286	351
287	89
288	10092
289	1747
290	29
291	124
292	589
293	256
294	293
295	519
296	3274
297	108
298	1438
299	27
300	16712
301	1113
302	3125
303	129
304	3129
305	1838
306	3387
307	3096
308	1353
309	1536
310	810
311	3244
312	791
313	1638
314	1334
315	5081
316	44
317	847
318	68
319	1080
320	36
321	1967
322	123
323	1039
324	3391
325	10360
326	136
327	58
328	1998
329	15948
330	659
331	19
332	604
333	587
334	136
335	44
336	3470
337	87
338	3020
339	8192
340	2365
341	1616
342	1154
343	23755
344	661
345	2479
346	180
347	784
348	1615
349	2882
350	491
351	201
352	6878
353	1859
354	40
355	2658
356	50
357	195
358	19
359	1796
360	345
361	105
362	489
363	295
364	502
365	213
366	557
367	30
368	129
369	304
370	1064
371	526
372	434
373	86
374	132
375	2838
376	159
377	625
378	216
379	19
380	19
381	381
382	449
383	3816
384	143
385	92
386	377
387	522
388	1031
389	260
390	681
391	660
392	163
393	63
394	983
395	183
396	215
397	453
398	3406
399	307
400	1065
401	7532
402	1036
403	689
404	3128
405	35
406	296
407	19
408	5108
409	561
410	960
411	3775
412	855
413	98
414	1331
415	207
416	1000
417	871
418	11183
419	2007
420	5689
421	1937
422	2578
423	1352
424	1970
425	1380
426	11998
427	1895
428	2777
429	341
430	4936
431	4670
432	1959
433	1474
434	120
435	247
436	1493
437	1886
438	12617
439	364
440	2654
441	880
442	2189
443	1748
444	1144
445	930
446	1194
447	2699
448	19
449	23
450	2400
451	1388
452	1217
453	2725
454	2006
455	1258
456	281
457	921
458	1455
459	361
460	263
461	747
462	35
463	936
464	319
465	48
466	21
467	2611
468	290
469	3078
470	1257
471	244
472	1201
473	352
474	564
475	1343
476	5598
477	1500
478	90
479	806
480	51
481	781
482	149
483	624
484	665
485	53
486	539
487	36
488	106
489	1182
490	319
491	893
492	126
493	268
494	97
495	23
496	779
497	113
498	6317
499	551
500	64
501	16321
502	170
503	1478
504	66
505	605
506	46
507	1038
508	12413
509	19
510	181
511	748
512	7806
513	380
514	1970
515	1464
516	776
517	130
518	515
519	264
520	367
521	19
522	19
523	1738
524	766
525	260
526	127
527	173
528	118
529	963
530	1795
531	391
532	977
533	237
534	7954
535	241
536	239
537	268
538	411
539	582
540	232
541	625
542	611
543	1727
544	3707
545	976
546	1440
547	266
548	199
549	343
550	61
551	394
552	7310
553	255
554	168
555	429
556	750
557	294
558	297
559	587
560	149
561	1287
562	1010
563	242
564	550
565	198
566	211
567	131
568	79
569	303
570	50
571	128
572	137
573	180
574	400
575	821
576	124
577	451
578	175
579	46
580	28
581	19
582	19
583	19
584	9808
585	2330
586	2073
587	383
588	1090
589	5815
590	525
591	5496
592	373
593	1776
594	73
595	452
596	647
597	5107
598	730
599	1258
600	623
601	3510
602	223
603	203
604	2668
605	5036
606	519
607	557
608	1592
609	222
610	229
611	302
612	53
613	106
614	2090
615	980
616	2039
617	836
618	1167
619	1271
620	546
621	135
622	504
623	148
624	73
625	117
626	1558
627	19
628	19
629	1098
630	324
631	3052
632	465
633	1492
634	19
635	657
636	965
637	1050
638	2602
639	807
640	627
641	903
642	1482
643	70
644	514
645	2598
646	923
647	77
648	934
649	443
650	2854
651	1138
652	1607
653	282
654	897
655	1156
656	722
657	26
658	1843
659	709
660	509
661	254
662	2095
663	217
664	1696
665	97
666	2408
667	2307
668	1746
669	79
670	990
671	939
672	678
673	296
674	612
675	424
676	2237
677	279
678	494
679	612
680	1868
681	1272
682	2753
683	777
684	2392
685	55
686	720
687	2375
688	1067
689	966
690	20
691	19
692	769
693	1036
694	618
695	19
696	13866
697	1377
698	373
699	20
700	286
701	6535
702	416
703	1451
704	547
705	12085
706	197
707	3509
708	99385
709	49926
710	16165
711	179743
712	28055
713	47533
714	25337
;

param E:=
1	736
2	1104
3	1365
4	1365
5	1610
6	1700
7	1104
8	1104
9	1104
10	1165
11	690
12	690
13	552
14	583
15	1610
16	1610
17	1288
18	1288
19	1135
20	1600
21	797
22	1043
23	2147
24	976
25	976
26	1625
27	2024
28	552
29	1656
30	736
31	736
32	1165
33	1288
34	1610
35	1610
36	650
37	552
38	2254
39	2254
40	184
41	184
42	460
43	307
44	675
45	552
46	138
47	1656
48	368
49	736
50	920
51	552
52	600
53	613
54	1500
55	905
56	1357
57	491
58	491
59	1288
60	1288
61	634
62	675
63	613
64	300
65	300
66	267
67	267
68	267
69	267
70	908
71	1245
72	1008
73	841
74	267
75	267
76	1077
77	875
78	433
79	367
80	3624
81	604
82	535
83	469
84	267
85	267
86	871
87	1039
88	400
89	800
90	571
91	571
92	333
93	500
94	300
95	402
96	1312
97	1245
98	133
99	797
100	797
101	500
102	500
103	500
104	500
105	690
106	690
107	2352
108	2352
109	1045
110	2613
111	719
112	980
113	359
114	490
115	915
116	784
117	653
118	653
119	1054
120	930
121	930
122	744
123	558
124	1054
125	868
126	1054
127	992
128	804
129	308
130	620
131	682
132	682
133	558
134	744
135	558
136	1674
137	1178
138	245
139	245
140	588
141	1100
142	849
143	1241
144	523
145	719
146	247
147	247
148	283
149	318
150	283
151	283
152	588
153	588
154	802
155	267
156	245
157	245
158	588
159	588
160	1568
161	523
162	719
163	523
164	1045
165	523
166	276
167	276
168	283
169	283
170	370
171	339
172	384
173	419
174	283
175	283
176	283
177	283
178	339
179	308
180	523
181	523
182	384
183	384
184	523
185	523
186	288
187	253
188	523
189	523
190	212
191	212
192	719
193	523
194	500
195	500
196	600
197	496
198	523
199	479
200	500
201	500
202	719
203	523
204	588
205	653
206	615
207	580
208	719
209	523
210	523
211	523
212	523
213	523
214	523
215	523
216	523
217	523
218	784
219	653
220	283
221	283
222	1176
223	1111
224	719
225	588
226	588
227	588
228	523
229	784
230	588
231	523
232	523
233	523
234	588
235	283
236	283
237	682
238	682
239	1860
240	558
241	558
242	496
243	915
244	653
245	245
246	245
247	682
248	558
249	744
250	496
251	496
252	496
253	496
254	496
255	1764
256	1241
257	882
258	621
259	3227
260	1232
261	372
262	372
263	1232
264	469
265	915
266	719
267	457
268	359
269	1241
270	1176
271	1045
272	523
273	496
274	371
275	719
276	588
277	359
278	523
279	523
280	433
281	433
282	371
283	308
284	403
285	403
286	523
287	523
288	2432
289	1182
290	198
291	198
292	613
293	511
294	924
295	924
296	912
297	811
298	1104
299	429
300	3500
301	1115
302	709
303	709
304	2970
305	918
306	2226
307	1134
308	918
309	1188
310	528
311	594
312	550
313	675
314	613
315	1080
316	720
317	552
318	552
319	613
320	613
321	600
322	600
323	915
324	832
325	1800
326	420
327	528
328	660
329	4560
330	912
331	264
332	648
333	648
334	552
335	552
336	720
337	420
338	1188
339	1782
340	1621
341	1115
342	1122
343	1980
344	613
345	675
346	726
347	792
348	792
349	616
350	594
351	594
352	1908
353	1484
354	198
355	660
356	300
357	500
358	500
359	924
360	726
361	484
362	484
363	594
364	594
365	792
366	726
367	528
368	528
369	638
370	792
371	594
372	594
373	528
374	528
375	700
376	638
377	726
378	594
379	363
380	297
381	594
382	594
383	1200
384	572
385	594
386	594
387	660
388	594
389	528
390	550
391	550
392	330
393	330
394	704
395	682
396	418
397	500
398	500
399	594
400	726
401	1500
402	500
403	1272
404	1484
405	528
406	726
407	264
408	500
409	500
410	660
411	1287
412	528
413	480
414	660
415	552
416	981
417	1165
418	2029
419	1186
420	2152
421	1221
422	1479
423	865
424	2181
425	1755
426	5832
427	810
428	864
429	432
430	3456
431	1188
432	918
433	756
434	594
435	594
436	1771
437	1816
438	3067
439	532
440	540
441	432
442	461
443	454
444	1136
445	1176
446	933
447	933
448	500
449	500
450	1188
451	1080
452	588
453	784
454	1443
455	899
456	648
457	972
458	1183
459	1059
460	419
461	719
462	849
463	1111
464	486
465	94
466	94
467	392
468	784
469	784
470	523
471	523
472	251
473	251
474	157
475	350
476	3136
477	784
478	559
479	660
480	436
481	719
482	251
483	251
484	891
485	564
486	321
487	94
488	94
489	849
490	653
491	719
492	588
493	588
494	500
495	500
496	491
497	491
498	1266
499	583
500	291
501	2834
502	429
503	1723
504	1013
505	1259
506	1259
507	540
508	1782
509	270
510	297
511	763
512	1260
513	781
514	827
515	795
516	840
517	582
518	582
519	582
520	539
521	291
522	269
523	905
524	841
525	272
526	272
527	136
528	136
529	800
530	1300
531	647
532	647
533	711
534	2200
535	294
536	517
537	517
538	196
539	350
540	356
541	389
542	776
543	1293
544	1811
545	582
546	582
547	388
548	388
549	261
550	261
551	841
552	2000
553	261
554	261
555	517
556	474
557	776
558	776
559	453
560	421
561	711
562	711
563	474
564	474
565	425
566	425
567	196
568	196
569	399
570	399
571	453
572	453
573	272
574	272
575	517
576	517
577	196
578	261
579	229
580	500
581	500
582	500
583	500
584	2861
585	1151
586	1496
587	1496
588	776
589	2000
590	970
591	2000
592	315
593	358
594	517
595	582
596	425
597	1401
598	720
599	720
600	631
601	631
602	196
603	196
604	2225
605	2388
606	1224
607	816
608	616
609	616
610	196
611	196
612	131
613	131
614	1164
615	970
616	600
617	392
618	682
619	682
620	200
621	98
622	465
623	433
624	196
625	196
626	1065
627	500
628	500
629	359
630	327
631	1311
632	785
633	1134
634	433
635	582
636	582
637	1513
638	1440
639	582
640	440
641	420
642	440
643	320
644	320
645	600
646	540
647	240
648	210
649	700
650	1080
651	640
652	840
653	180
654	510
655	420
656	1160
657	540
658	720
659	600
660	320
661	320
662	610
663	480
664	520
665	240
666	1260
667	1260
668	620
669	200
670	560
671	480
672	480
673	420
674	300
675	290
676	800
677	440
678	720
679	600
680	720
681	309
682	540
683	480
684	600
685	360
686	480
687	440
688	600
689	540
690	500
691	500
692	480
693	420
694	500
695	500
696	2700
697	540
698	300
699	270
700	540
701	1080
702	520
703	600
704	1431
705	2464
706	582
707	776
708	13500
709	7425
710	2531
711	30375
712	3713
713	6750
714	3713
;

param alpha := 1;
param beta := 1;
param C := 0.25;
param M := 10000000;